Avg acc:
78.87703
Std acc:
0.5324614803908361
Avg auroc:
0.8529199999999999
Std auroc:
0.006713240648151971
Avg F1:
0.78864
Std F1:
0.006280477688838662
acc
79.0516
79.703
78.4263
78.8692
79.1298
79.5206
79.0516
78.322
77.827
78.8692
auroc
0.8528
0.8598
0.8484
0.8538
0.8467
0.8652
0.8588
0.8462
0.8425
0.855
TPR
0.8239
0.8061
0.7837
0.7785
0.7665
0.7962
0.7801
0.7942
0.7749
0.7796
TNR
0.7572
0.7879
0.7848
0.7989
0.8161
0.7942
0.8009
0.7723
0.7817
0.7978
PRE
0.7723
0.7917
0.7846
0.7947
0.8065
0.7946
0.7967
0.7772
0.7802
0.7941
F1
0.7973
0.7989
0.7842
0.7865
0.786
0.7954
0.7883
0.7856
0.7775
0.7867