Avg acc:
79.2444
Std acc:
0.43819519394899625
Avg auroc:
0.8537799999999999
Std auroc:
0.005861365028728363
Avg F1:
0.79342
Std F1:
0.007069766615667018
acc
79.8854
78.5305
79.0255
78.9474
79.1558
79.6248
79.7811
79.6509
78.765
79.0776
auroc
0.86
0.846
0.8515
0.8447
0.8551
0.855
0.8592
0.8642
0.8516
0.8505
TPR
0.8129
0.802
0.7952
0.7973
0.8093
0.8041
0.814
0.7921
0.7348
0.8166
TNR
0.7848
0.7686
0.7853
0.7817
0.7738
0.7884
0.7817
0.8009
0.8405
0.765
PRE
0.7907
0.7761
0.7874
0.785
0.7816
0.7917
0.7885
0.7992
0.8217
0.7765
F1
0.8016
0.7888
0.7913
0.7911
0.7952
0.7978
0.801
0.7956
0.7758
0.796