Avg acc:
78.84836
Std acc:
0.6387292121079153
Avg auroc:
0.8496499999999999
Std auroc:
0.007122815454579736
Avg F1:
0.78971
Std F1:
0.006130815606426278
acc
78.8692
79.5987
77.9312
78.4002
78.6608
78.8431
79.9375
78.765
77.9573
79.5206
auroc
0.8529
0.8531
0.8466
0.8478
0.8541
0.8496
0.8563
0.8488
0.8307
0.8566
TPR
0.7785
0.7999
0.8056
0.7994
0.7973
0.7811
0.8181
0.7738
0.7947
0.7942
TNR
0.7989
0.7921
0.753
0.7686
0.7759
0.7957
0.7806
0.8015
0.7645
0.7962
PRE
0.7947
0.7937
0.7653
0.7755
0.7806
0.7927
0.7885
0.7958
0.7714
0.7958
F1
0.7865
0.7968
0.785
0.7873
0.7889
0.7869
0.8031
0.7847
0.7829
0.795