Avg acc:
78.54092
Std acc:
0.3525036419670011
Avg auroc:
0.8506
Std auroc:
0.0036562275640337257
Avg F1:
0.78705
Std acc:
0.005772217944603261
acc
78.4784
78.2178
78.0094
78.9995
78.6608
78.7389
79.1037
78.765
78.296
78.1397
auroc
0.8551
0.8482
0.8496
0.848
0.8526
0.8506
0.8545
0.8465
0.8561
0.8448
TPR
0.7572
0.8187
0.8119
0.7858
0.8161
0.8004
0.8041
0.8061
0.7525
0.7837
TNR
0.8124
0.7457
0.7483
0.7942
0.7572
0.7744
0.778
0.7692
0.8134
0.7791
PRE
0.8014
0.763
0.7634
0.7924
0.7707
0.7801
0.7836
0.7774
0.8013
0.7801
F1
0.7787
0.7898
0.7869
0.7891
0.7927
0.7901
0.7937
0.7915
0.7761
0.7819