Avg acc:
79.17405
Std acc:
0.6407647949911096
Avg auroc:
0.8552900000000001
Std auroc:
0.006926247180111312
Avg F1:
0.7929600000000001
Std F1:
0.007866790959470078
acc
79.729
78.791
78.3481
79.234
78.6608
80.7191
79.3903
78.6868
78.9995
79.1819
auroc
0.8626
0.8585
0.8475
0.8487
0.8506
0.8681
0.8617
0.8466
0.8524
0.8562
TPR
0.8119
0.777
0.7811
0.7916
0.8009
0.8343
0.7712
0.8093
0.8161
0.7869
TNR
0.7827
0.7989
0.7858
0.7931
0.7723
0.7801
0.8166
0.7645
0.7639
0.7968
PRE
0.7889
0.7944
0.7848
0.7928
0.7786
0.7914
0.8079
0.7746
0.7756
0.7947
F1
0.8002
0.7856
0.783
0.7922
0.7896
0.8123
0.7891
0.7915
0.7953
0.7908