Avg acc:
79.09067000000002
Std acc:
0.6789694485762945
Avg auroc:
0.85334
Std auroc:
0.0074261968732319585
Avg F1:
0.7921
Std acc:
0.00665311956904428
acc
78.9474
79.3121
78.8692
78.3481
77.5143
79.9375
79.4164
79.729
79.3382
79.4945
auroc
0.8477
0.8528
0.8461
0.8546
0.8372
0.8594
0.8539
0.8614
0.8624
0.8579
TPR
0.7905
0.7926
0.8051
0.777
0.8015
0.8124
0.791
0.8192
0.7775
0.8004
TNR
0.7884
0.7936
0.7723
0.79
0.7488
0.7863
0.7973
0.7754
0.8093
0.7895
PRE
0.7889
0.7934
0.7795
0.7872
0.7614
0.7918
0.796
0.7848
0.803
0.7918
F1
0.7897
0.793
0.7921
0.7821
0.7809
0.802
0.7935
0.8016
0.79
0.7961