Avg acc:
78.94216
Std acc:
0.9422973725952964
Avg auroc:
0.85047
Std auroc:
0.009700829861408767
Avg F1:
0.79129
Std F1:
0.010885811866829244
acc
80.5628
80.2501
78.4002
78.5044
77.9573
78.8953
79.234
77.2538
79.3121
79.0516
auroc
0.8667
0.865
0.8419
0.8507
0.8409
0.8526
0.8541
0.8345
0.8456
0.8527
TPR
0.8343
0.8166
0.7801
0.7744
0.7884
0.803
0.8025
0.7749
0.8004
0.814
TNR
0.777
0.7884
0.7879
0.7957
0.7707
0.7749
0.7822
0.7702
0.7858
0.7671
PRE
0.7891
0.7942
0.7862
0.7913
0.7747
0.781
0.7865
0.7713
0.7889
0.7775
F1
0.811
0.8052
0.7832
0.7827
0.7815
0.7919
0.7944
0.7731
0.7946
0.7953