Avg acc:
78.60864000000001
Std acc:
0.41063059603492413
Avg auroc:
0.85315
Std auroc:
0.00435413596480403
Avg F1:
0.7848299999999999
Std acc:
0.00490938896401579
acc
79.5987
78.4523
78.5305
78.296
78.1136
78.791
78.5044
79.0255
78.4784
78.296
auroc
0.8611
0.856
0.8557
0.8456
0.8486
0.8507
0.849
0.8541
0.8557
0.855
TPR
0.7728
0.7707
0.791
0.8072
0.8041
0.8004
0.777
0.7749
0.7639
0.7436
TNR
0.8192
0.7983
0.7796
0.7587
0.7582
0.7754
0.7931
0.8056
0.8056
0.8223
PRE
0.8104
0.7926
0.7821
0.7699
0.7688
0.7809
0.7897
0.7995
0.7972
0.8071
F1
0.7911
0.7815
0.7865
0.7881
0.786
0.7905
0.7833
0.787
0.7802
0.7741