Avg acc:
79.614344
Std acc:
0.605113163684
Avg auroc:
0.853888
Std auroc:
0.00620872418456
Avg F1:
0.787914
Std F1:
0.00716215079428
acc
79.1449
79.171
79.562
80.0313
79.7135
80.1095
79.5881
79.2753
80.9437
79.0365
79.5099
78.806
79.6142
80.2138
78.5938
79.2231
79.8227
80.0574
78.9364
79.1927
80.0313
79.7706
78.7539
79.9531
78.6458
79.1449
79.3796
79.5099
80.6048
79.6094
80.8655
79.4838
80.4223
80.5787
79.6354
80.3441
78.6757
80.0052
79.0667
79.4531
79.3535
79.8749
80.9176
79.4056
79.6875
80.2659
79.3796
79.6924
79.171
78.4896
auroc
0.8508
0.8535
0.8508
0.8604
0.8571
0.8526
0.8515
0.8466
0.8698
0.8426
0.8541
0.8506
0.8523
0.8569
0.8499
0.8467
0.8558
0.8636
0.8469
0.8464
0.8586
0.8573
0.8443
0.856
0.8471
0.8515
0.8513
0.8553
0.8577
0.851
0.864
0.8527
0.8597
0.8651
0.8544
0.8554
0.8416
0.8616
0.8463
0.8508
0.8506
0.8564
0.8632
0.8502
0.8637
0.8625
0.8545
0.8544
0.8531
0.8452
TPR
0.7424
0.7748
0.7602
0.781
0.7615
0.7565
0.7612
0.7497
0.7763
0.7526
0.7612
0.7367
0.7419
0.7523
0.7255
0.7534
0.7617
0.7471
0.7586
0.749
0.7643
0.7888
0.756
0.7523
0.7354
0.7518
0.7508
0.7565
0.7779
0.7427
0.7727
0.7617
0.7769
0.7779
0.7594
0.757
0.7591
0.7675
0.7409
0.7536
0.7523
0.7779
0.7758
0.7383
0.7479
0.7706
0.7445
0.7529
0.7508
0.7589
TNR
0.8405
0.8087
0.8311
0.8196
0.8328
0.8457
0.8306
0.8358
0.8425
0.8281
0.829
0.8394
0.8504
0.8519
0.8464
0.8311
0.8347
0.854
0.8201
0.8349
0.8363
0.8066
0.8191
0.8467
0.8375
0.8311
0.8368
0.8337
0.8342
0.8495
0.8446
0.8279
0.8316
0.8337
0.8333
0.8498
0.8144
0.8326
0.8405
0.8354
0.8347
0.8196
0.8425
0.8498
0.8458
0.8347
0.8431
0.841
0.8326
0.8109
PRE
0.8231
0.8019
0.8182
0.8124
0.82
0.8306
0.8179
0.8203
0.8314
0.8141
0.8166
0.821
0.8322
0.8356
0.8252
0.8168
0.8217
0.8365
0.8083
0.8194
0.8236
0.8031
0.8069
0.8307
0.819
0.8165
0.8214
0.8198
0.8243
0.8315
0.8326
0.8157
0.8218
0.8239
0.82
0.8345
0.8035
0.821
0.8228
0.8208
0.8199
0.8118
0.8313
0.831
0.8291
0.8234
0.8259
0.8256
0.8177
0.8005
F1
0.7807
0.7881
0.7881
0.7964
0.7896
0.7918
0.7885
0.7834
0.8029
0.7821
0.7879
0.7766
0.7845
0.7918
0.7722
0.7838
0.7906
0.7893
0.7827
0.7826
0.7929
0.7959
0.7806
0.7896
0.775
0.7828
0.7845
0.7869
0.8004
0.7846
0.8015
0.7878
0.7987
0.8002
0.7885
0.7939
0.7807
0.7933
0.7797
0.7858
0.7847
0.7945
0.8026
0.7819
0.7864
0.7961
0.7831
0.7876
0.7828
0.7791