Avg acc:
71.439682
Std acc:
0.896352859245
Avg auroc:
0.785746
Std auroc:
0.00807158497446
Avg F1:
0.71469
Std F1:
0.0105261436433
acc
70.829
70.9072
71.0115
70.073
72.7604
72.1324
71.6111
71.7153
71.9239
70.9375
70.3337
72.2628
72.5235
71.7414
72.1615
69.5777
72.5756
71.2722
71.22
71.3542
72.5756
71.3243
70.8551
70.6986
71.3021
71.5589
70.2555
71.5589
72.6277
72.7344
72.7581
70.9072
72.4192
71.7153
72.1094
70.6204
70.9593
72.6277
70.464
70.7031
69.708
69.708
71.0375
71.8717
73.0208
71.0375
72.2367
71.3243
72.2367
70.1042
auroc
0.7727
0.7845
0.7903
0.775
0.7897
0.7814
0.7894
0.7963
0.7949
0.7773
0.7798
0.7866
0.7934
0.7802
0.7954
0.7689
0.7881
0.7886
0.7813
0.7951
0.7934
0.7837
0.7837
0.7692
0.7856
0.7692
0.7838
0.7801
0.7967
0.8005
0.7897
0.7889
0.7983
0.7867
0.7878
0.7888
0.7813
0.7962
0.7912
0.7864
0.7903
0.7698
0.7864
0.7859
0.7943
0.775
0.7925
0.781
0.7877
0.7743
TPR
0.6794
0.7315
0.7711
0.7424
0.6844
0.6835
0.7221
0.7612
0.7581
0.6807
0.6986
0.6585
0.7404
0.7158
0.6901
0.7258
0.7002
0.744
0.6934
0.7781
0.6376
0.707
0.7544
0.671
0.7375
0.6429
0.7487
0.7294
0.7367
0.7229
0.6981
0.7492
0.6856
0.6481
0.6818
0.768
0.7216
0.7096
0.7586
0.7484
0.7888
0.7216
0.745
0.7503
0.6724
0.6538
0.72
0.7153
0.7513
0.6875
TNR
0.7372
0.6867
0.6491
0.659
0.7708
0.7591
0.7101
0.6731
0.6804
0.738
0.708
0.7868
0.7101
0.719
0.7531
0.6658
0.7513
0.6814
0.731
0.649
0.8139
0.7195
0.6627
0.743
0.6885
0.7883
0.6564
0.7018
0.7158
0.7318
0.757
0.6689
0.7628
0.7862
0.7604
0.6444
0.6976
0.743
0.6507
0.6656
0.6053
0.6726
0.6757
0.6872
0.788
0.7669
0.7247
0.7112
0.6934
0.7146
PRE
0.7211
0.7001
0.6873
0.6853
0.7491
0.7394
0.7135
0.6996
0.7034
0.7221
0.7053
0.7554
0.7186
0.7181
0.7365
0.6847
0.7379
0.7002
0.7205
0.6891
0.7741
0.7159
0.691
0.723
0.7031
0.7523
0.6854
0.7098
0.7217
0.7294
0.7418
0.6935
0.7429
0.752
0.74
0.6835
0.7047
0.7341
0.6847
0.6912
0.6665
0.6879
0.6967
0.7057
0.7603
0.7372
0.7234
0.7124
0.7102
0.7066
F1
0.6996
0.7155
0.7268
0.7127
0.7153
0.7104
0.7178
0.7291
0.7297
0.7008
0.7019
0.7036
0.7293
0.717
0.7126
0.7046
0.7186
0.7214
0.7067
0.7309
0.6993
0.7114
0.7213
0.6961
0.7199
0.6933
0.7157
0.7195
0.7291
0.7261
0.7193
0.7203
0.7131
0.6962
0.7097
0.7233
0.713
0.7216
0.7198
0.7187
0.7225
0.7043
0.7201
0.7273
0.7137
0.693
0.7217
0.7138
0.7302
0.6969