Avg acc:
46.97778600000001
Std acc:
7.054186100380681
Avg auroc:
0.45087199999999994
Std auroc:
0.09954368295376659
Avg F1:
0.42958999999999997
Std F1:
0.13575936984237957
acc
57.586
43.8217
42.8832
40.9281
58.099
42.0229
55.6048
40.7716
45.2555
43.4375
49.9218
48.7748
50.0
42.1794
42.8906
39.9114
39.4421
44.3431
43.7956
43.4896
42.4922
57.4296
42.5704
40.0156
41.25
59.5933
57.195
59.3587
41.658
39.1667
39.1293
59.7497
43.1178
41.5276
43.6458
43.3525
42.5965
40.3285
43.17
58.2552
42.7268
47.367
47.0021
42.2054
60.1042
42.7007
56.7518
42.7789
56.6215
59.8698
auroc
0.5793
0.41
0.3897
0.3519
0.5983
0.4023
0.5758
0.3638
0.411
0.3693
0.4919
0.3926
0.5
0.3934
0.4026
0.3528
0.3642
0.4038
0.4055
0.3998
0.398
0.6113
0.4027
0.3728
0.3759
0.6365
0.6078
0.6148
0.3967
0.36
0.3603
0.6494
0.3822
0.3861
0.4135
0.3997
0.3787
0.3796
0.3947
0.6048
0.3782
0.4102
0.4004
0.3736
0.6284
0.4098
0.6133
0.4077
0.6131
0.6254
TPR
0.426
0.7054
0.562
0.3253
0.3839
0.5615
0.1246
0.7117
0.2857
0.1745
0.0021
0.0652
0.0
0.6131
0.7693
0.3405
0.4656
0.3978
0.4312
0.3786
0.5574
0.4906
0.6835
0.6851
0.4135
0.3462
0.2815
0.4651
0.6778
0.65
0.4802
0.6799
0.3081
0.5401
0.7661
0.3545
0.5224
0.5792
0.6575
0.4031
0.501
0.2059
0.1084
0.3921
0.4385
0.6903
0.3379
0.5214
0.3076
0.3401
TNR
0.7258
0.171
0.2956
0.4932
0.7781
0.2789
0.9875
0.1038
0.6194
0.6943
0.9964
0.9103
1.0
0.2304
0.0885
0.4578
0.3233
0.4891
0.4447
0.4911
0.2925
0.658
0.1679
0.1152
0.4115
0.8457
0.8624
0.7221
0.1554
0.1333
0.3024
0.5151
0.5542
0.2904
0.1068
0.5125
0.3295
0.2273
0.2059
0.762
0.3535
0.7414
0.8316
0.452
0.7635
0.1637
0.7972
0.3342
0.8248
0.8573
PRE
0.6083
0.4597
0.4438
0.391
0.6337
0.4378
0.9087
0.4426
0.4288
0.3633
0.3636
0.4209
0
0.4434
0.4577
0.3857
0.4076
0.4378
0.4371
0.4266
0.4406
0.5892
0.451
0.4364
0.4127
0.6917
0.6716
0.626
0.4452
0.4286
0.4077
0.5837
0.4087
0.4322
0.4617
0.4211
0.4379
0.4285
0.4529
0.6288
0.4366
0.4433
0.3917
0.4171
0.6497
0.4522
0.6249
0.4392
0.6371
0.7044
F1
0.5011
0.5567
0.496
0.3552
0.4781
0.492
0.2192
0.5458
0.3429
0.2357
0.0041
0.1129
0
0.5147
0.5739
0.3617
0.4347
0.4168
0.4341
0.4012
0.4922
0.5354
0.5434
0.5332
0.4131
0.4614
0.3968
0.5337
0.5374
0.5166
0.441
0.6281
0.3514
0.4802
0.5762
0.3849
0.4765
0.4926
0.5364
0.4913
0.4666
0.2812
0.1699
0.4042
0.5236
0.5464
0.4386
0.4768
0.4149
0.4587