Avg acc:
57.63078
Std acc:
1.82102974385
Avg auroc:
0.611034
Std auroc:
0.0217025216046
Avg F1:
0.56923
Std F1:
0.0263682631207
acc
59.7497
57.6382
57.8206
56.2304
61.0677
57.5339
57.8989
56.1001
59.7758
58.8802
58.5766
56.5954
53.1804
58.0813
56.7708
55.2138
54.7706
58.6548
57.4557
53.5417
57.586
57.7946
54.8488
55.683
58.3594
56.6215
57.2471
60.4797
56.6997
56.224
58.6288
57.4296
58.6027
56.5433
59.2188
58.8634
58.1856
59.3848
56.0219
59.2448
60.219
58.9416
56.3608
55.1616
57.7083
56.1522
58.1074
62.4609
59.1502
58.0729
auroc
0.6332
0.605
0.6201
0.6042
0.6513
0.6057
0.6114
0.5844
0.6401
0.6282
0.6278
0.5879
0.5612
0.6287
0.6016
0.5753
0.5799
0.62
0.6098
0.5619
0.6174
0.6106
0.5796
0.587
0.605
0.6049
0.6067
0.6354
0.6068
0.6051
0.6187
0.611
0.6161
0.5986
0.632
0.6307
0.6192
0.6371
0.5757
0.6171
0.6342
0.6286
0.5945
0.5873
0.6211
0.5988
0.6103
0.664
0.6342
0.6263
TPR
0.5615
0.5459
0.5912
0.5302
0.6057
0.5104
0.5636
0.5756
0.6121
0.5969
0.5443
0.5652
0.4979
0.6674
0.5995
0.5282
0.5662
0.6486
0.6178
0.5938
0.5881
0.5584
0.5282
0.4891
0.5786
0.5485
0.5162
0.5141
0.5219
0.5443
0.4896
0.5631
0.5996
0.4453
0.525
0.6893
0.5511
0.5907
0.536
0.5266
0.5443
0.5761
0.4964
0.6314
0.6323
0.5177
0.4922
0.6137
0.5584
0.6104
TNR
0.6335
0.6069
0.5652
0.5944
0.6156
0.6403
0.5944
0.5464
0.5834
0.5807
0.6272
0.5667
0.5657
0.4943
0.5359
0.5761
0.5292
0.5245
0.5313
0.4771
0.5636
0.5975
0.5688
0.6246
0.5885
0.5839
0.6288
0.6955
0.6121
0.5802
0.683
0.5855
0.5725
0.6856
0.6594
0.488
0.6126
0.597
0.5845
0.6583
0.6601
0.6027
0.6309
0.4718
0.5219
0.6053
0.67
0.6356
0.6246
0.551
PRE
0.6051
0.5813
0.5762
0.5666
0.6118
0.5866
0.5815
0.5593
0.595
0.5874
0.5935
0.5661
0.5341
0.5689
0.5637
0.5548
0.546
0.577
0.5686
0.5317
0.574
0.5811
0.5505
0.5657
0.5844
0.5686
0.5817
0.628
0.5736
0.5646
0.607
0.576
0.5838
0.5861
0.6065
0.5738
0.5872
0.5944
0.5633
0.6065
0.6156
0.5919
0.5735
0.5445
0.5694
0.5674
0.5986
0.6274
0.598
0.5762
F1
0.5825
0.5631
0.5836
0.5478
0.6087
0.5459
0.5724
0.5673
0.6034
0.5921
0.5679
0.5656
0.5154
0.6142
0.581
0.5411
0.5559
0.6107
0.5922
0.561
0.581
0.5695
0.5391
0.5246
0.5815
0.5584
0.547
0.5654
0.5465
0.5542
0.542
0.5695
0.5916
0.5061
0.5628
0.6262
0.5686
0.5926
0.5493
0.5637
0.5778
0.5839
0.5321
0.5847
0.5992
0.5414
0.5402
0.6205
0.5775
0.5928