Avg acc:
74.64239599999999
Std acc:
0.7244597763740919
Avg auroc:
0.7855599999999999
Std auroc:
0.00986079104331899
Avg F1:
0.721386
Std F1:
0.01058393140567341
acc
75.2868
72.6538
75.4692
75.0782
74.7135
75.4953
74.5829
74.7654
74.4004
74.349
74.9479
73.879
74.0355
75.2346
74.2708
73.879
74.9218
74.3222
75.2868
73.6719
74.2961
74.9479
75.4432
75.6257
75.3906
74.1397
74.8697
75.0782
74.5308
74.974
75.0521
74.2961
74.8957
73.7226
75.2083
74.7132
74.2179
74.9739
73.4359
73.4635
74.0355
75.6517
73.3316
75.2868
75.1823
73.6705
75.0782
73.6705
75.8603
75.8333
auroc
0.7968
0.7632
0.8053
0.7891
0.7858
0.7959
0.7853
0.7831
0.7904
0.7773
0.78
0.781
0.7781
0.7799
0.7742
0.7687
0.7883
0.7722
0.7893
0.7763
0.7846
0.7864
0.7833
0.7939
0.7923
0.7884
0.7851
0.7943
0.7871
0.7971
0.8013
0.7777
0.7994
0.7852
0.7875
0.7806
0.7841
0.7912
0.7749
0.7759
0.7885
0.7984
0.7577
0.7921
0.7935
0.7682
0.7881
0.7852
0.7957
0.8001
TPR
0.6606
0.6392
0.6684
0.6783
0.6729
0.6846
0.6449
0.6762
0.6621
0.6349
0.6611
0.6366
0.6376
0.6601
0.6547
0.6314
0.6465
0.6449
0.6778
0.6349
0.6663
0.7226
0.6533
0.6449
0.6484
0.6314
0.6736
0.6726
0.6679
0.663
0.6397
0.6491
0.684
0.6517
0.6672
0.658
0.6554
0.6679
0.6319
0.6344
0.6637
0.6721
0.6397
0.6658
0.6354
0.6335
0.6491
0.6178
0.6705
0.7115
TNR
0.8452
0.8139
0.841
0.8233
0.8214
0.8253
0.8467
0.8191
0.8259
0.8521
0.8379
0.841
0.8431
0.8446
0.8307
0.8462
0.8519
0.8415
0.8279
0.8385
0.8196
0.7763
0.8556
0.8676
0.8594
0.8514
0.8238
0.829
0.8227
0.8365
0.8613
0.8368
0.8139
0.8227
0.837
0.8363
0.829
0.8316
0.8368
0.8349
0.817
0.841
0.8269
0.8399
0.8682
0.8399
0.8525
0.8556
0.8467
0.8052
PRE
0.8101
0.7745
0.8078
0.7933
0.7902
0.7967
0.808
0.7889
0.7918
0.811
0.803
0.8001
0.8025
0.8095
0.7946
0.8041
0.8136
0.8027
0.7975
0.7973
0.7869
0.7636
0.819
0.8296
0.8218
0.8095
0.7926
0.7973
0.7903
0.8021
0.8218
0.7991
0.7861
0.7862
0.8036
0.8008
0.7931
0.7986
0.7948
0.7935
0.7839
0.8087
0.787
0.8062
0.8282
0.7983
0.8148
0.8105
0.8139
0.7851
F1
0.7277
0.7004
0.7315
0.7313
0.7269
0.7364
0.7173
0.7282
0.7212
0.7122
0.7252
0.7091
0.7106
0.7272
0.7179
0.7074
0.7205
0.7152
0.7328
0.7069
0.7216
0.7426
0.7268
0.7257
0.7249
0.7094
0.7283
0.7296
0.7239
0.726
0.7194
0.7163
0.7315
0.7127
0.7291
0.7224
0.7177
0.7274
0.704
0.7051
0.7188
0.7341
0.7058
0.7293
0.7191
0.7064
0.7226
0.7012
0.7353
0.7464