Avg acc:
71.655104
Std acc:
0.861616439249
Avg auroc:
0.760938
Std auroc:
0.0088246901362
Avg F1:
0.714408
Std F1:
0.00911093496849
acc
70.2815
71.3243
70.0991
70.9072
70.9115
71.7935
71.3243
72.1064
71.6632
72.2656
71.4546
72.4713
71.6632
71.194
69.0365
70.4901
71.6111
72.8102
71.3504
70.9375
71.4025
72.8624
70.438
72.5495
71.0417
71.976
71.7153
71.4286
72.5235
71.6927
72.4713
72.7059
72.0282
72.2367
72.7344
70.829
74.0355
71.0897
71.0375
71.9792
72.1064
72.6538
72.1064
71.3243
70.7292
72.8363
71.6111
71.9499
71.1418
71.8229
auroc
0.7525
0.7503
0.7428
0.7457
0.7567
0.7647
0.7544
0.7659
0.7567
0.766
0.7571
0.766
0.7624
0.7544
0.735
0.7513
0.7512
0.7635
0.7609
0.7579
0.7637
0.7662
0.7557
0.7662
0.7509
0.7715
0.7588
0.7757
0.7734
0.7641
0.7705
0.7726
0.766
0.7736
0.764
0.753
0.783
0.7536
0.7647
0.7654
0.7622
0.7645
0.7624
0.7631
0.7589
0.7721
0.7583
0.7544
0.7547
0.7683
TPR
0.7044
0.707
0.7221
0.6919
0.7062
0.7106
0.7153
0.7153
0.7091
0.6964
0.7237
0.7044
0.7023
0.719
0.6755
0.6955
0.7132
0.72
0.6767
0.7167
0.7263
0.7284
0.6794
0.7153
0.7047
0.707
0.7075
0.7039
0.7086
0.688
0.6903
0.7158
0.7435
0.7226
0.701
0.6903
0.7362
0.7174
0.719
0.6932
0.7143
0.7033
0.7367
0.6814
0.7078
0.731
0.7127
0.7122
0.6981
0.738
TNR
0.7013
0.7195
0.6799
0.7263
0.712
0.7252
0.7112
0.7268
0.7242
0.749
0.7054
0.745
0.731
0.7049
0.7052
0.7143
0.719
0.7362
0.7503
0.7021
0.7018
0.7289
0.7294
0.7357
0.7161
0.7325
0.7268
0.7247
0.7419
0.7458
0.7591
0.7383
0.6971
0.7221
0.7536
0.7263
0.7445
0.7044
0.7018
0.7464
0.7278
0.7497
0.7054
0.745
0.7068
0.7258
0.7195
0.7268
0.7247
0.6984
PRE
0.7022
0.7159
0.6928
0.7165
0.7103
0.7212
0.7124
0.7236
0.72
0.735
0.7107
0.7342
0.723
0.709
0.6962
0.7088
0.7174
0.7318
0.7304
0.7064
0.7089
0.7287
0.7151
0.7302
0.7129
0.7255
0.7214
0.7188
0.733
0.7302
0.7413
0.7323
0.7105
0.7223
0.74
0.7161
0.7424
0.7082
0.7068
0.7321
0.7241
0.7376
0.7144
0.7277
0.7071
0.7272
0.7176
0.7228
0.7172
0.7099
F1
0.7033
0.7114
0.7072
0.704
0.7083
0.7159
0.7138
0.7195
0.7145
0.7152
0.7171
0.719
0.7125
0.714
0.6857
0.7021
0.7153
0.7259
0.7026
0.7115
0.7175
0.7286
0.6968
0.7227
0.7087
0.7161
0.7144
0.7113
0.7206
0.7085
0.7149
0.724
0.7266
0.7224
0.72
0.7029
0.7393
0.7128
0.7128
0.7121
0.7192
0.72
0.7254
0.7038
0.7074
0.7291
0.7151
0.7174
0.7075
0.7237