Avg acc:
67.135628
Std acc:
0.861343641305
Avg auroc:
0.730486
Std auroc:
0.00811078319276
Avg F1:
0.66242
Std F1:
0.0109469265093
acc
67.5182
65.9802
66.5537
66.8665
65.7292
68.1178
66.9708
67.9093
67.805
66.224
68.6131
67.0229
68.6913
68.0918
66.7708
66.4494
67.7007
67.6486
65.1199
66.901
66.7101
66.8405
66.658
67.7007
66.5104
67.1533
66.5016
67.6225
65.8238
67.4479
68.0657
65.7716
67.6747
66.9969
68.2292
66.6319
68.0918
66.6319
68.4046
68.75
65.5631
67.9614
67.1533
67.2315
66.7969
66.2669
67.4661
66.8144
66.3973
68.2292
auroc
0.7303
0.7203
0.7316
0.7186
0.7148
0.7324
0.7326
0.7358
0.7369
0.7203
0.7394
0.7188
0.7392
0.7377
0.733
0.7237
0.7314
0.7372
0.7176
0.746
0.7263
0.7306
0.7252
0.7393
0.7285
0.7334
0.7197
0.7323
0.712
0.7372
0.7385
0.7295
0.7367
0.7332
0.7323
0.7301
0.7397
0.7188
0.7351
0.7422
0.7168
0.744
0.7349
0.7357
0.726
0.7195
0.732
0.7302
0.7284
0.7386
TPR
0.6429
0.6277
0.682
0.6726
0.6443
0.6095
0.6001
0.6512
0.5954
0.6641
0.6548
0.6058
0.671
0.6481
0.651
0.6236
0.6418
0.6413
0.6794
0.7177
0.6236
0.6966
0.6272
0.6814
0.6573
0.6773
0.6444
0.61
0.6309
0.6573
0.6611
0.6715
0.6679
0.6069
0.625
0.6314
0.6481
0.6147
0.6668
0.6521
0.6522
0.6804
0.6637
0.6434
0.6406
0.6168
0.6267
0.6011
0.6715
0.6021
TNR
0.7075
0.6919
0.6491
0.6648
0.6703
0.7529
0.7393
0.707
0.7607
0.6604
0.7174
0.7346
0.7028
0.7138
0.6844
0.7054
0.7122
0.7117
0.623
0.6203
0.7106
0.6403
0.7059
0.6726
0.6729
0.6658
0.6856
0.7424
0.6856
0.6917
0.7002
0.6439
0.6856
0.7331
0.7396
0.7013
0.7138
0.7179
0.7013
0.7229
0.659
0.6788
0.6794
0.7013
0.6953
0.7086
0.7226
0.7351
0.6564
0.7625
PRE
0.6873
0.6708
0.6603
0.6674
0.6615
0.7115
0.6972
0.6897
0.7133
0.6617
0.6986
0.6954
0.6931
0.6936
0.6735
0.6792
0.6904
0.6898
0.6431
0.654
0.683
0.6594
0.6808
0.6755
0.6677
0.6696
0.6721
0.7031
0.6674
0.6807
0.688
0.6535
0.6799
0.6945
0.7059
0.6788
0.6936
0.6855
0.6906
0.7018
0.6567
0.6793
0.6743
0.6829
0.6777
0.6791
0.6932
0.6942
0.6615
0.7171
F1
0.6643
0.6485
0.6709
0.67
0.6528
0.6566
0.645
0.6699
0.649
0.6629
0.676
0.6475
0.6819
0.6701
0.6621
0.6502
0.6652
0.6647
0.6608
0.6844
0.6519
0.6775
0.6529
0.6784
0.6625
0.6734
0.658
0.6533
0.6486
0.6688
0.6743
0.6624
0.6739
0.6477
0.663
0.6542
0.6701
0.6482
0.6785
0.676
0.6545
0.6799
0.6689
0.6626
0.6586
0.6464
0.6583
0.6443
0.6665
0.6546