Avg acc:
62.267379999999996
Std acc:
1.272586911138096
Avg auroc:
0.645522
Std auroc:
0.017046410648579372
Avg F1:
0.50152
Std F1:
0.036585374126828336
acc
62.8259
60.3754
62.1741
61.1835
63.5677
62.9301
63.3994
60.7925
60.7664
64.7135
62.2002
61.1575
64.2596
61.731
63.2552
60.219
63.1387
62.9301
63.2169
62.2917
64.39
62.2523
61.1314
62.487
62.4219
62.9562
62.8259
60.9489
62.3566
64.0885
63.0083
63.0605
63.2169
64.2857
62.0573
61.4442
61.0271
60.3754
63.5819
64.0885
61.9135
60.6621
61.8352
61.2617
62.6042
62.1741
59.0198
62.8259
62.0438
59.8958
auroc
0.665
0.6344
0.6344
0.6358
0.6428
0.6672
0.6573
0.6365
0.6389
0.6807
0.6347
0.6336
0.675
0.6372
0.665
0.6376
0.6534
0.6592
0.6546
0.6458
0.6676
0.6503
0.6283
0.6513
0.6459
0.6337
0.661
0.6365
0.6393
0.6613
0.6545
0.657
0.6382
0.6515
0.6081
0.6454
0.6379
0.6296
0.6555
0.682
0.6361
0.607
0.6406
0.6317
0.6393
0.6568
0.5937
0.6557
0.652
0.6392
TPR
0.4056
0.3415
0.4473
0.5109
0.3766
0.391
0.403
0.3316
0.4426
0.4208
0.379
0.3206
0.3571
0.3691
0.4286
0.4333
0.3999
0.415
0.3285
0.4312
0.3624
0.3884
0.3446
0.3347
0.3198
0.4093
0.3639
0.2769
0.3384
0.4224
0.4129
0.3123
0.3498
0.426
0.3458
0.4875
0.3738
0.4041
0.4119
0.4083
0.3509
0.4145
0.426
0.3759
0.3807
0.3457
0.2456
0.4473
0.3191
0.4068
TNR
0.8509
0.866
0.7961
0.7127
0.8948
0.8676
0.865
0.8843
0.7727
0.8734
0.865
0.9025
0.9281
0.8655
0.8365
0.7711
0.8629
0.8436
0.9359
0.8146
0.9254
0.8566
0.878
0.915
0.9286
0.8498
0.8926
0.9421
0.9088
0.8594
0.8472
0.9489
0.9145
0.8597
0.8953
0.7414
0.8467
0.8034
0.8597
0.8734
0.8874
0.7987
0.8107
0.8493
0.8714
0.8978
0.9348
0.8092
0.9218
0.7911
PRE
0.7312
0.7182
0.6869
0.6401
0.7816
0.747
0.749
0.7413
0.6607
0.7688
0.7373
0.7668
0.8323
0.7329
0.7238
0.6543
0.7447
0.7263
0.8367
0.6993
0.8294
0.7304
0.7385
0.7975
0.8176
0.7316
0.7721
0.8271
0.7876
0.7502
0.73
0.8594
0.8036
0.7523
0.7676
0.6534
0.7092
0.6727
0.746
0.7634
0.757
0.6732
0.6924
0.7139
0.7474
0.7718
0.7903
0.701
0.8031
0.6607
F1
0.5218
0.4629
0.5418
0.5683
0.5083
0.5133
0.5241
0.4582
0.5301
0.5439
0.5007
0.4522
0.4998
0.491
0.5384
0.5213
0.5204
0.5282
0.4717
0.5335
0.5044
0.5071
0.47
0.4715
0.4598
0.5249
0.4947
0.4148
0.4734
0.5405
0.5275
0.4581
0.4875
0.5439
0.4768
0.5584
0.4896
0.5049
0.5307
0.5321
0.4795
0.5131
0.5274
0.4925
0.5045
0.4775
0.3747
0.5461
0.4567
0.5035