Avg acc:
68.21520600000001
Std acc:
0.9859347922474381
Avg auroc:
0.7043600000000001
Std auroc:
0.01306217439785582
Avg F1:
0.599934
Std F1:
0.01935807438770706
acc
68.6131
67.8571
67.4661
65.7977
67.9427
68.1178
68.196
68.0657
68.5089
67.8125
67.7007
69.5516
68.7435
68.8217
68.8542
67.8311
66.1105
69.4213
68.0918
69.0104
66.9969
68.0918
69.4734
69.4473
68.0208
68.2742
67.9353
67.5965
67.3618
67.474
69.708
68.8999
70.1773
69.2649
67.5521
67.5965
68.4046
68.196
65.6674
68.9323
67.5443
68.4567
67.4922
69.2388
68.8281
69.2649
67.9093
69.9948
67.9614
66.4844
auroc
0.7038
0.6926
0.696
0.6873
0.7035
0.7203
0.7075
0.7094
0.7043
0.6781
0.6999
0.7199
0.7014
0.7266
0.7068
0.7186
0.6922
0.7035
0.7028
0.7023
0.6983
0.7061
0.7274
0.7069
0.6873
0.7039
0.7052
0.6956
0.6911
0.6993
0.7174
0.7047
0.737
0.7146
0.6959
0.689
0.7144
0.7059
0.6812
0.7062
0.6998
0.7116
0.6938
0.7204
0.7115
0.7114
0.7026
0.7317
0.701
0.67
TPR
0.4645
0.4833
0.4672
0.4296
0.4599
0.4828
0.4776
0.4781
0.4937
0.4625
0.4937
0.4781
0.4786
0.5527
0.4932
0.4724
0.4213
0.4911
0.4703
0.5245
0.4286
0.4599
0.5047
0.5016
0.451
0.4771
0.4489
0.4463
0.4374
0.462
0.4807
0.4682
0.5282
0.4849
0.4552
0.4541
0.5083
0.5386
0.5089
0.4901
0.4348
0.5073
0.4823
0.4885
0.4891
0.5068
0.4864
0.4875
0.4374
0.4479
TNR
0.9077
0.8738
0.8822
0.8863
0.899
0.8796
0.8863
0.8832
0.8764
0.8938
0.8603
0.9129
0.8962
0.8238
0.8839
0.8843
0.9009
0.8973
0.8916
0.8557
0.9114
0.902
0.8848
0.8874
0.9094
0.8884
0.9098
0.9056
0.9098
0.8875
0.9135
0.9098
0.8754
0.9004
0.8958
0.8978
0.8597
0.8253
0.8045
0.8885
0.9161
0.8618
0.8676
0.8962
0.8875
0.8785
0.8717
0.9124
0.9218
0.8818
PRE
0.8343
0.793
0.7986
0.7908
0.8199
0.8003
0.8078
0.8037
0.7998
0.8132
0.7794
0.8459
0.8218
0.7582
0.8094
0.8032
0.8096
0.827
0.8126
0.7843
0.8286
0.8243
0.8141
0.8166
0.8327
0.8105
0.8327
0.8255
0.8291
0.8042
0.8474
0.8385
0.8091
0.8296
0.8138
0.8163
0.7838
0.7551
0.7224
0.8147
0.8382
0.7859
0.7846
0.8248
0.813
0.8066
0.7913
0.8477
0.8483
0.7912
F1
0.5968
0.6006
0.5895
0.5568
0.5893
0.6023
0.6003
0.5995
0.6106
0.5896
0.6045
0.6109
0.6049
0.6393
0.6129
0.5949
0.5542
0.6163
0.5958
0.6286
0.5649
0.5904
0.6231
0.6214
0.5851
0.6006
0.5833
0.5794
0.5727
0.5868
0.6134
0.6009
0.6391
0.612
0.5838
0.5836
0.6167
0.6287
0.5971
0.612
0.5726
0.6166
0.5974
0.6136
0.6107
0.6225
0.6025
0.619
0.5772
0.572