Avg acc:
62.547506000000006
Std acc:
1.1789792579023612
Avg auroc:
0.66845
Std auroc:
0.01121335364643424
Avg F1:
0.600918
Std F1:
0.016903439768283846
acc
63.3994
62.0438
61.7831
64.2596
62.5521
61.5485
62.4088
63.4776
61.0792
62.1094
59.4369
62.0699
62.0177
61.6267
63.5938
62.9562
63.5297
62.0177
61.366
61.5625
64.2857
61.8092
63.2169
62.487
61.4844
62.6173
64.5985
64.781
63.7122
63.6719
63.1648
63.8686
61.9395
61.0532
63.3854
61.731
63.2951
63.7383
63.0605
62.1875
64.39
61.2617
63.3472
62.6434
59.2969
63.5297
61.1575
62.0959
62.3566
62.3698
auroc
0.6744
0.6528
0.6607
0.6884
0.6642
0.6656
0.668
0.67
0.6663
0.6745
0.6362
0.659
0.6629
0.664
0.6732
0.6672
0.6796
0.6664
0.6531
0.6532
0.6759
0.6683
0.6733
0.6576
0.6632
0.6741
0.6821
0.6952
0.6832
0.6713
0.6686
0.6845
0.677
0.6568
0.6781
0.6621
0.6647
0.6692
0.675
0.6729
0.6902
0.6651
0.6785
0.6689
0.6487
0.6754
0.6464
0.6686
0.6697
0.6582
TPR
0.5756
0.5193
0.5287
0.574
0.588
0.5282
0.586
0.5772
0.5605
0.5698
0.5401
0.5109
0.5401
0.5991
0.5776
0.5428
0.5756
0.5965
0.5766
0.5938
0.5542
0.5068
0.5876
0.5532
0.5745
0.5412
0.5813
0.6126
0.5662
0.6115
0.5631
0.5328
0.5834
0.5026
0.5917
0.5563
0.5438
0.5563
0.6262
0.5854
0.623
0.5407
0.5459
0.5589
0.5354
0.5912
0.5746
0.5344
0.5521
0.5885
TNR
0.6924
0.7216
0.707
0.7112
0.663
0.7028
0.6621
0.6924
0.6611
0.6724
0.6486
0.7304
0.7002
0.6335
0.6943
0.7164
0.695
0.6439
0.6507
0.6375
0.7315
0.7294
0.6767
0.6966
0.6552
0.7112
0.7106
0.683
0.708
0.662
0.7002
0.7445
0.6554
0.7185
0.676
0.6783
0.7221
0.7185
0.635
0.6583
0.6648
0.6846
0.7211
0.694
0.6505
0.6794
0.6486
0.7075
0.695
0.6589
PRE
0.6517
0.651
0.6434
0.6653
0.6357
0.6399
0.6343
0.6523
0.6232
0.6349
0.6058
0.6546
0.6431
0.6204
0.6539
0.6568
0.6536
0.6262
0.6227
0.6209
0.6736
0.6519
0.6451
0.6458
0.6249
0.652
0.6677
0.659
0.6598
0.644
0.6526
0.6759
0.6287
0.641
0.6462
0.6336
0.6618
0.664
0.6318
0.6315
0.6502
0.6315
0.6618
0.6462
0.6051
0.6484
0.6205
0.6463
0.6442
0.6331
F1
0.6113
0.5777
0.5804
0.6163
0.6109
0.5787
0.6092
0.6124
0.5902
0.6006
0.5711
0.5739
0.5871
0.6095
0.6134
0.5943
0.6121
0.6109
0.5988
0.607
0.6081
0.5703
0.615
0.5959
0.5986
0.5915
0.6215
0.635
0.6094
0.6273
0.6045
0.5959
0.6052
0.5634
0.6177
0.5924
0.597
0.6054
0.629
0.6076
0.6363
0.5826
0.5983
0.5994
0.5681
0.6185
0.5966
0.585
0.5946
0.61