Avg acc:
64.508382
Std acc:
1.0894083793858027
Avg auroc:
0.677752
Std auroc:
0.011026826197959232
Avg F1:
0.6093999999999999
Std F1:
0.027520479646982895
acc
63.8165
62.5391
64.1814
64.6507
63.0208
66.1366
64.4421
64.3118
66.1627
65.7031
65.8238
64.2596
64.8853
63.6601
66.4323
65.0678
63.5297
66.3191
65.4588
64.1927
64.2336
65.5109
63.8165
64.755
64.4531
63.8425
62.8519
63.9468
65.7977
64.974
65.1721
63.8425
62.9301
64.5725
65.3385
65.9541
63.0865
64.9635
64.6767
63.5938
61.757
62.1481
64.9374
64.1032
66.1719
65.3024
64.4682
65.1981
64.4161
64.0104
auroc
0.6728
0.6629
0.6751
0.6732
0.6698
0.6966
0.6727
0.6743
0.6808
0.6852
0.6792
0.67
0.6982
0.666
0.7023
0.6751
0.6603
0.6928
0.6856
0.6775
0.6816
0.6811
0.6676
0.6776
0.6785
0.6693
0.675
0.6673
0.6899
0.6758
0.6711
0.6817
0.6681
0.6796
0.6903
0.685
0.6715
0.6853
0.6766
0.6778
0.6474
0.6582
0.6898
0.6706
0.7047
0.6908
0.6827
0.681
0.6707
0.6706
TPR
0.6387
0.5245
0.5464
0.5428
0.5828
0.6418
0.4849
0.5907
0.6251
0.601
0.4562
0.5073
0.6257
0.5313
0.5823
0.5787
0.6621
0.6084
0.5787
0.6078
0.4891
0.5589
0.5803
0.549
0.5302
0.6408
0.4291
0.4745
0.5693
0.6312
0.5808
0.4051
0.5912
0.6236
0.5354
0.5626
0.5897
0.4922
0.525
0.5323
0.5292
0.6298
0.6168
0.476
0.5354
0.5454
0.5521
0.4922
0.525
0.5568
TNR
0.6376
0.7263
0.7372
0.7503
0.6776
0.6809
0.804
0.6955
0.6981
0.713
0.8603
0.7779
0.6721
0.7419
0.7464
0.7226
0.6084
0.7179
0.7304
0.676
0.7956
0.7513
0.696
0.7461
0.7589
0.6361
0.8279
0.8045
0.7466
0.6682
0.7226
0.8717
0.6674
0.6679
0.7714
0.7565
0.6721
0.8071
0.7685
0.7396
0.7059
0.6131
0.682
0.806
0.788
0.7607
0.7372
0.8118
0.7633
0.7234
PRE
0.638
0.6571
0.6753
0.6849
0.6438
0.6679
0.7121
0.6599
0.6744
0.6768
0.7655
0.6955
0.6561
0.6731
0.6966
0.676
0.6284
0.6833
0.6822
0.6523
0.7053
0.6921
0.6562
0.6838
0.6874
0.6378
0.7138
0.7082
0.692
0.6555
0.6768
0.7595
0.64
0.6525
0.7007
0.6979
0.6426
0.7184
0.694
0.6715
0.6428
0.6195
0.6598
0.7105
0.7164
0.695
0.6775
0.7234
0.6893
0.6681
F1
0.6384
0.5834
0.604
0.6056
0.6118
0.6546
0.5769
0.6234
0.6488
0.6367
0.5717
0.5867
0.6405
0.5938
0.6343
0.6236
0.6448
0.6437
0.6262
0.6293
0.5776
0.6184
0.6159
0.609
0.5986
0.6393
0.536
0.5682
0.6247
0.6431
0.6251
0.5284
0.6146
0.6377
0.607
0.623
0.615
0.5842
0.5978
0.5938
0.5805
0.6246
0.6376
0.5701
0.6128
0.6112
0.6084
0.5858
0.596
0.6074