Avg acc:
64.67163799999999
Std acc:
1.0696920736155802
Avg auroc:
0.68199
Std auroc:
0.0124768786160642
Avg F1:
0.628236
Std F1:
0.01626444908381467
acc
62.7477
64.3379
65.0938
64.0772
64.9219
63.269
62.6955
64.8071
65.4588
63.6719
66.4234
64.2075
65.5892
66.4234
63.3594
65.0156
63.3994
63.0344
65.2763
63.6979
65.1721
64.3379
65.3806
65.6413
65.651
62.0959
64.2596
65.4327
65.7195
63.6198
63.8686
63.2169
65.1199
66.684
65.2865
65.7977
64.3639
63.2951
64.4682
64.2448
65.7716
64.39
65.3285
66.658
65.5208
64.9896
64.8592
65.4849
64.3639
65.0521
auroc
0.663
0.6765
0.6866
0.6764
0.6805
0.6853
0.6675
0.7009
0.6955
0.6756
0.6956
0.6759
0.6963
0.6971
0.6644
0.6897
0.6606
0.6667
0.7043
0.6693
0.6837
0.685
0.684
0.6857
0.6936
0.6537
0.6736
0.6925
0.6989
0.6635
0.6713
0.668
0.6892
0.7009
0.6899
0.6939
0.672
0.657
0.682
0.679
0.6873
0.6775
0.6852
0.7042
0.6866
0.6796
0.6756
0.6867
0.6913
0.6804
TPR
0.5902
0.6194
0.6006
0.5719
0.5927
0.6199
0.5892
0.5819
0.6184
0.5984
0.5819
0.5871
0.6309
0.5996
0.5812
0.5495
0.647
0.6111
0.6455
0.5417
0.5719
0.6048
0.6204
0.6444
0.6266
0.537
0.561
0.5959
0.6022
0.5719
0.5949
0.5302
0.6121
0.5912
0.5682
0.6027
0.5792
0.5641
0.5501
0.6156
0.5897
0.5829
0.5918
0.6184
0.6865
0.6522
0.5886
0.6371
0.6507
0.5969
TNR
0.6648
0.6674
0.7013
0.7096
0.7057
0.6455
0.6648
0.7143
0.6908
0.675
0.7466
0.6971
0.6809
0.7289
0.6859
0.7508
0.621
0.6496
0.6601
0.7323
0.7315
0.682
0.6872
0.6684
0.6865
0.7049
0.7242
0.7127
0.7122
0.7005
0.6825
0.7341
0.6903
0.7424
0.7375
0.7132
0.708
0.7018
0.7393
0.6693
0.7258
0.7049
0.7148
0.7148
0.624
0.6475
0.7086
0.6726
0.6366
0.7042
PRE
0.6377
0.6506
0.6678
0.6632
0.6682
0.6362
0.6373
0.6707
0.6667
0.6481
0.6966
0.6596
0.6641
0.6886
0.6492
0.688
0.6306
0.6356
0.655
0.6692
0.6805
0.6554
0.6648
0.6603
0.6665
0.6454
0.6704
0.6747
0.6766
0.6563
0.652
0.666
0.664
0.6966
0.684
0.6776
0.6649
0.6542
0.6785
0.6505
0.6826
0.6639
0.6748
0.6844
0.6461
0.6492
0.6688
0.6605
0.6416
0.6686
F1
0.6131
0.6346
0.6324
0.6142
0.6282
0.6279
0.6123
0.6231
0.6416
0.6223
0.6341
0.6212
0.6471
0.641
0.6134
0.611
0.6387
0.6231
0.6502
0.5987
0.6215
0.6291
0.6419
0.6522
0.6459
0.5862
0.6108
0.6329
0.6372
0.6112
0.6221
0.5904
0.637
0.6396
0.6208
0.638
0.6191
0.6058
0.6075
0.6326
0.6327
0.6208
0.6306
0.6497
0.6657
0.6507
0.6262
0.6486
0.6461
0.6307