Avg acc:
62.579178
Std acc:
1.29960116548
Avg auroc:
0.672794
Std auroc:
0.0124523477304
Avg F1:
0.620158
Std F1:
0.028525652245
acc
63.1126
63.999
62.6694
61.9395
62.6302
60.8707
63.9208
63.0605
64.7028
64.401
62.0438
61.366
61.0792
63.3472
63.5417
61.7049
61.7831
63.1126
62.0438
63.776
63.5819
61.9135
61.731
62.9041
62.7865
61.1835
62.0699
63.3212
62.2002
62.8906
58.8113
62.0438
65.3285
64.8853
63.6198
62.9823
62.513
62.2523
64.0772
63.8281
60.0626
62.5912
64.6246
62.5652
60.6771
62.9562
62.4088
61.3399
61.2878
60.4167
auroc
0.6752
0.6873
0.6672
0.6485
0.6699
0.6738
0.6782
0.6769
0.6761
0.6886
0.6679
0.6564
0.6556
0.6716
0.6735
0.6572
0.6654
0.6926
0.6789
0.6845
0.6864
0.6561
0.6565
0.6945
0.6687
0.666
0.6757
0.6715
0.6639
0.662
0.6485
0.6554
0.6989
0.6926
0.6803
0.6735
0.6803
0.6827
0.6877
0.6871
0.6587
0.6783
0.6848
0.6673
0.6586
0.6712
0.6722
0.6879
0.6692
0.6579
TPR
0.622
0.5923
0.6653
0.5735
0.5885
0.39
0.6126
0.635
0.5761
0.6151
0.634
0.6783
0.6559
0.6392
0.5094
0.6084
0.5933
0.7127
0.6637
0.5354
0.5928
0.6241
0.5605
0.6882
0.5604
0.6392
0.6674
0.6064
0.44
0.5724
0.7258
0.561
0.5151
0.609
0.6198
0.6621
0.7018
0.6882
0.5834
0.6786
0.6794
0.6569
0.5996
0.5417
0.6729
0.6444
0.6168
0.7534
0.695
0.5266
TNR
0.6403
0.6877
0.5881
0.6653
0.6641
0.8274
0.6658
0.6262
0.7179
0.6729
0.6069
0.549
0.5657
0.6277
0.7615
0.6257
0.6423
0.5495
0.5772
0.7401
0.6788
0.6142
0.6741
0.5699
0.6953
0.5845
0.574
0.6601
0.804
0.6854
0.4505
0.6799
0.7914
0.6887
0.6526
0.5975
0.5485
0.5568
0.6981
0.5979
0.5219
0.5949
0.6929
0.7096
0.5406
0.6147
0.6314
0.4734
0.5308
0.6818
PRE
0.6336
0.6548
0.6176
0.6315
0.6366
0.6932
0.647
0.6295
0.6713
0.6528
0.6173
0.6006
0.6016
0.632
0.6811
0.6191
0.6239
0.6127
0.6108
0.6732
0.6486
0.618
0.6324
0.6154
0.6478
0.606
0.6104
0.6408
0.6918
0.6453
0.5691
0.6367
0.7118
0.6618
0.6408
0.6219
0.6085
0.6083
0.659
0.628
0.5869
0.6186
0.6613
0.651
0.5943
0.6258
0.6259
0.5886
0.597
0.6233
F1
0.6277
0.622
0.6406
0.6011
0.6116
0.4992
0.6294
0.6322
0.6201
0.6334
0.6255
0.6371
0.6276
0.6356
0.5828
0.6137
0.6082
0.659
0.6362
0.5965
0.6194
0.621
0.5943
0.6498
0.6009
0.6222
0.6376
0.6231
0.5379
0.6067
0.6379
0.5965
0.5977
0.6343
0.6301
0.6414
0.6518
0.6458
0.6189
0.6523
0.6298
0.6372
0.6289
0.5913
0.6312
0.635
0.6213
0.6609
0.6423
0.5709