Avg acc:
74.292867999999984
Std acc:
1.134326739351657
Avg auroc:
0.822664
Std auroc:
0.0102171181847
Avg F1:
0.729954
Std F1:
0.027774911053
acc
73.3401
74.5393
72.6624
73.0534
72.9771
74.8261
73.2359
74.1483
75.2692
73.0031
74.1483
76.8073
74.1743
73.8355
73.0292
75.3996
72.2453
74.9043
74.7218
75.9979
74.7739
72.0367
73.5226
74.1483
76.3365
75.2692
76.1295
74.9043
75.947
73.4458
74.5914
76.0774
75.0346
75.5821
74.0448
74.6957
73.3923
74.2526
73.9397
73.0812
73.3141
76.1816
74.2786
74.5914
73.2115
73.5748
73.8094
72.923
74.435
74.8
auroc
0.8147
0.825
0.8168
0.8212
0.8102
0.8258
0.8202
0.8322
0.8286
0.8203
0.8253
0.8369
0.823
0.8198
0.8107
0.7969
0.7988
0.8164
0.8297
0.8419
0.8273
0.8087
0.8078
0.8245
0.8411
0.8323
0.835
0.8302
0.8435
0.8192
0.8257
0.8296
0.8252
0.8326
0.8294
0.8226
0.816
0.8131
0.8275
0.8201
0.8283
0.8351
0.821
0.8329
0.8091
0.8131
0.8172
0.8068
0.8206
0.8233
TPR
0.6069
0.5949
0.7993
0.561
0.787
0.7586
0.8045
0.7862
0.7028
0.5443
0.7993
0.7445
0.8087
0.5938
0.7573
0.671
0.7205
0.683
0.5933
0.6115
0.6303
0.7888
0.6022
0.7623
0.7833
0.5787
0.6658
0.6011
0.6387
0.7615
0.7315
0.756
0.7555
0.7711
0.8167
0.7529
0.8379
0.6491
0.7815
0.5401
0.5454
0.7763
0.72
0.5918
0.6932
0.5641
0.7414
0.7857
0.5985
0.7318
TNR
0.8639
0.8999
0.658
0.9041
0.6766
0.7419
0.6642
0.7007
0.8066
0.9198
0.6877
0.7956
0.6788
0.8869
0.7073
0.841
0.7284
0.8191
0.9051
0.9125
0.8691
0.6559
0.8723
0.7247
0.7474
0.9307
0.8608
0.9009
0.8843
0.7115
0.7643
0.7696
0.7492
0.7445
0.6682
0.745
0.634
0.8399
0.7013
0.9255
0.9249
0.7513
0.7696
0.9041
0.775
0.9114
0.7388
0.6767
0.8942
0.7682
PRE
0.8168
0.856
0.7003
0.854
0.7087
0.7462
0.7055
0.7243
0.7842
0.8716
0.719
0.7846
0.7157
0.84
0.7212
0.8084
0.7262
0.7906
0.8621
0.8748
0.8281
0.6963
0.825
0.7347
0.7562
0.893
0.8271
0.8585
0.8466
0.7252
0.7563
0.7664
0.7508
0.7511
0.7111
0.747
0.696
0.8022
0.7235
0.8788
0.879
0.7574
0.7575
0.8605
0.755
0.8642
0.7395
0.7085
0.8497
0.7595
F1
0.6964
0.7019
0.7465
0.6772
0.7458
0.7523
0.7518
0.754
0.7413
0.6701
0.757
0.764
0.7594
0.6958
0.7388
0.7333
0.7234
0.7329
0.7029
0.7198
0.7158
0.7397
0.6962
0.7482
0.7695
0.7023
0.7377
0.7071
0.7281
0.7429
0.7437
0.7612
0.7531
0.761
0.7602
0.7499
0.7604
0.7176
0.7514
0.669
0.6731
0.7667
0.7383
0.7013
0.7228
0.6826
0.7404
0.7451
0.7024
0.7454