Avg acc:
78.98829
Std acc:
0.669866563802075
Avg auroc:
0.8566900000000001
Std auroc:
0.00656923892091009
Avg F1:
0.7893399999999999
Std F1:
0.007432657667349
acc
80.3702
78.8582
78.5714
78.8843
79.0104
79.7706
78.7278
79.3535
78.9885
79.4271
79.3796
78.415
80.4745
79.4578
78.0208
78.2325
78.9364
77.7112
79.171
77.7604
78.7018
79.2753
78.8321
79.1971
78.0729
79.6142
78.4411
78.3889
79.3014
80.4688
79.9791
80.0834
79.171
79.0667
78.4635
80.0313
78.806
78.2065
78.5714
78.1771
79.2753
78.8321
78.9625
79.5099
78.9323
78.415
79.1971
78.2065
79.5099
78.2031
auroc
0.8653
0.8553
0.8534
0.852
0.8555
0.8646
0.8576
0.8631
0.8514
0.8631
0.8613
0.8522
0.8639
0.8621
0.8458
0.8474
0.859
0.844
0.8653
0.8503
0.8529
0.8628
0.8553
0.8582
0.8482
0.8563
0.8502
0.8599
0.8604
0.8708
0.8654
0.8674
0.8563
0.8606
0.8539
0.8619
0.8585
0.8454
0.8473
0.8456
0.8589
0.8538
0.8605
0.8626
0.8585
0.8506
0.8608
0.8469
0.862
0.85
TPR
0.7941
0.8217
0.8092
0.7716
0.7906
0.8024
0.769
0.7868
0.7649
0.8016
0.7888
0.7987
0.7842
0.8102
0.7844
0.7774
0.7868
0.7909
0.8024
0.7797
0.7857
0.8019
0.7899
0.7591
0.8016
0.7831
0.781
0.7753
0.8123
0.8099
0.805
0.8019
0.8071
0.7868
0.7969
0.7967
0.757
0.7727
0.7643
0.7896
0.7706
0.7972
0.7654
0.8201
0.7818
0.7696
0.7737
0.7414
0.7935
0.7719
TNR
0.8133
0.7555
0.7623
0.806
0.7896
0.793
0.8055
0.8003
0.8149
0.787
0.7987
0.7696
0.8253
0.7789
0.776
0.7873
0.792
0.7633
0.781
0.7755
0.7883
0.7836
0.7868
0.8248
0.7599
0.8092
0.7878
0.7925
0.7737
0.7995
0.7946
0.7998
0.7763
0.7946
0.7724
0.804
0.8191
0.7914
0.8071
0.774
0.8149
0.7795
0.8139
0.7701
0.7969
0.7987
0.8102
0.8227
0.7967
0.7922
PRE
0.8097
0.7707
0.7729
0.7991
0.7898
0.7949
0.7982
0.7976
0.8052
0.79
0.7967
0.7761
0.8178
0.7856
0.7779
0.7852
0.7909
0.7697
0.7856
0.7765
0.7878
0.7875
0.7874
0.8125
0.7695
0.8041
0.7864
0.7889
0.7821
0.8015
0.7967
0.8002
0.783
0.793
0.7778
0.8025
0.8071
0.7875
0.7985
0.7774
0.8063
0.7833
0.8044
0.781
0.7938
0.7927
0.803
0.807
0.796
0.7879
F1
0.8018
0.7954
0.7906
0.7851
0.7902
0.7987
0.7833
0.7921
0.7845
0.7958
0.7928
0.7873
0.8006
0.7977
0.7811
0.7812
0.7888
0.7801
0.7939
0.7781
0.7867
0.7946
0.7887
0.7849
0.7852
0.7934
0.7837
0.782
0.7969
0.8057
0.8008
0.801
0.7949
0.7898
0.7872
0.7996
0.7813
0.78
0.781
0.7835
0.7881
0.7902
0.7844
0.8001
0.7877
0.781
0.7881
0.7728
0.7948
0.7798