Avg acc:
72.62303
Std acc:
1.007712337773037
Avg auroc:
0.7978680000000001
Std auroc:
0.00888476088592147
Avg F1:
0.7226259999999999
Std acc:
0.013337763080816804
acc
71.7935
72.8363
71.7414
72.1324
72.7083
74.0615
73.1752
71.7153
73.0188
73.4115
70.6204
74.244
72.2888
73.7226
73.5417
74.5047
72.1846
71.6632
73.6184
72.0052
73.097
72.6017
72.0542
72.341
72.8906
72.1585
73.4359
73.8269
73.5662
71.7969
73.5401
73.9833
73.853
72.5235
71.6667
71.2722
72.341
74.4004
71.7414
72.2396
73.2273
72.9145
69.6298
71.7153
71.9271
71.7153
71.7414
72.8363
71.5328
73.5938
auroc
0.781
0.7953
0.7844
0.7901
0.8032
0.8082
0.8061
0.7875
0.8035
0.8
0.7858
0.8088
0.7902
0.7969
0.8084
0.8062
0.7963
0.7875
0.8091
0.7881
0.8043
0.7842
0.7945
0.7936
0.7981
0.7955
0.8042
0.7995
0.8048
0.7899
0.8043
0.8213
0.7973
0.8038
0.7943
0.8
0.7975
0.8181
0.7955
0.7903
0.8041
0.8097
0.7917
0.7929
0.7883
0.7896
0.7862
0.7951
0.798
0.8102
TPR
0.6689
0.6241
0.7649
0.6569
0.7109
0.7091
0.7138
0.6606
0.7727
0.6516
0.7164
0.7539
0.6595
0.7221
0.7464
0.7383
0.7753
0.7221
0.7565
0.6906
0.7263
0.6731
0.7252
0.7226
0.7193
0.7669
0.6475
0.7049
0.671
0.7479
0.6611
0.7696
0.694
0.6502
0.7432
0.7852
0.757
0.7101
0.7351
0.6693
0.7383
0.7628
0.7914
0.7112
0.674
0.6512
0.7341
0.6929
0.7612
0.725
TNR
0.7669
0.8326
0.67
0.7857
0.7432
0.7722
0.7497
0.7737
0.6877
0.8167
0.696
0.731
0.7862
0.7523
0.7245
0.7518
0.6684
0.7112
0.7158
0.7495
0.7357
0.7789
0.7158
0.7242
0.7385
0.6762
0.8212
0.7716
0.8003
0.688
0.8097
0.7101
0.7831
0.8003
0.6901
0.6403
0.6898
0.7779
0.6997
0.7755
0.7263
0.6955
0.6011
0.7231
0.7646
0.7831
0.7007
0.7638
0.6694
0.7469
PRE
0.7416
0.7885
0.6986
0.754
0.7347
0.7568
0.7404
0.7449
0.7122
0.7804
0.7021
0.737
0.7552
0.7446
0.7304
0.7484
0.7004
0.7143
0.727
0.7338
0.7332
0.7528
0.7185
0.7238
0.7334
0.7032
0.7836
0.7553
0.7707
0.7057
0.7765
0.7264
0.7619
0.765
0.7057
0.6858
0.7093
0.7617
0.71
0.7488
0.7295
0.7147
0.6649
0.7198
0.7411
0.7502
0.7104
0.7458
0.6972
0.7412
F1
0.7034
0.6967
0.7302
0.7021
0.7226
0.7322
0.7268
0.7002
0.7412
0.7102
0.7092
0.7454
0.7041
0.7332
0.7383
0.7433
0.736
0.7182
0.7414
0.7116
0.7297
0.7107
0.7218
0.7232
0.7263
0.7337
0.7091
0.7292
0.7174
0.7262
0.7142
0.7473
0.7263
0.7029
0.724
0.7321
0.7324
0.735
0.7223
0.7068
0.7339
0.738
0.7227
0.7154
0.7059
0.6972
0.7221
0.7184
0.7278
0.733