Avg acc:
73.364772
Std acc:
0.783218859334
Avg auroc:
0.795862
Std auroc:
0.00779127435019
Avg F1:
0.714274
Std F1:
0.00898008485483
acc
73.0448
72.4974
72.732
71.9239
73.5677
74.0355
72.5235
72.6538
72.8624
73.9323
73.3837
72.9406
74.1919
74.244
74.401
72.8102
72.8884
73.5923
73.9572
72.6042
72.8363
74.1658
72.3931
73.3837
73.75
72.8102
73.9312
73.6966
74.4526
73.0729
73.9051
73.5662
73.6705
75.3389
73.3594
74.8957
71.7935
73.2273
74.4786
72.0312
72.9927
72.3931
73.2013
73.7748
73.5677
73.097
71.9239
73.5662
74.2961
73.8802
auroc
0.7968
0.7836
0.7965
0.7873
0.7973
0.8011
0.7903
0.7883
0.7842
0.8089
0.7946
0.7928
0.8097
0.7941
0.7974
0.7891
0.7946
0.7991
0.8045
0.7858
0.7922
0.8029
0.7765
0.8016
0.7973
0.7982
0.8016
0.7937
0.804
0.7929
0.8083
0.7973
0.7998
0.8062
0.7933
0.8117
0.784
0.791
0.8111
0.788
0.7891
0.7922
0.7937
0.7941
0.8028
0.7938
0.7821
0.7996
0.8019
0.7962
TPR
0.6507
0.6517
0.6642
0.646
0.6568
0.6773
0.6606
0.6465
0.6444
0.6786
0.6814
0.6809
0.6668
0.6679
0.6844
0.6653
0.6611
0.6705
0.6632
0.6609
0.6653
0.6632
0.6491
0.6736
0.6625
0.659
0.6679
0.6627
0.6731
0.6693
0.6741
0.6778
0.6663
0.6919
0.6641
0.684
0.658
0.6637
0.6913
0.6562
0.6502
0.6606
0.6694
0.6663
0.675
0.6569
0.6444
0.6637
0.684
0.6729
TNR
0.8102
0.7982
0.7904
0.7925
0.8146
0.8034
0.7899
0.8066
0.8128
0.8
0.7862
0.7779
0.817
0.817
0.8036
0.7909
0.7967
0.8014
0.816
0.7911
0.7914
0.8201
0.7987
0.7941
0.8125
0.7972
0.8107
0.8113
0.816
0.7922
0.804
0.7935
0.8071
0.8149
0.8031
0.8139
0.7779
0.8008
0.7982
0.7844
0.8097
0.7873
0.7946
0.8092
0.7964
0.805
0.7941
0.8076
0.8019
0.8047
PRE
0.7742
0.7636
0.7601
0.7569
0.7798
0.7751
0.7587
0.7697
0.7749
0.7724
0.7612
0.754
0.7847
0.7849
0.7771
0.7609
0.7648
0.7714
0.7828
0.7599
0.7613
0.7866
0.7633
0.7659
0.7794
0.7647
0.7792
0.7783
0.7853
0.7631
0.7747
0.7665
0.7755
0.7889
0.7713
0.7861
0.7476
0.7692
0.7741
0.7527
0.7736
0.7564
0.7652
0.7774
0.7682
0.7711
0.7578
0.7753
0.7754
0.775
F1
0.7071
0.7032
0.709
0.697
0.713
0.7229
0.7062
0.7027
0.7037
0.7225
0.7191
0.7156
0.721
0.7217
0.7278
0.7099
0.7092
0.7174
0.718
0.707
0.7101
0.7197
0.7016
0.7168
0.7162
0.7079
0.7193
0.7159
0.7249
0.7131
0.7209
0.7194
0.7168
0.7372
0.7137
0.7315
0.6999
0.7126
0.7304
0.7012
0.7065
0.7053
0.7141
0.7176
0.7186
0.7095
0.6965
0.7152
0.7269
0.7204