Avg acc:
74.29736
Std acc:
1.01712674746
Avg auroc:
0.814512
Std auroc:
0.0117209153226
Avg F1:
0.72774
Std F1:
0.0244946688077
acc
72.1064
73.9833
74.5829
74.1137
73.3073
74.244
74.4265
73.7226
73.9312
75.7552
74.7132
73.5141
74.4265
74.4265
73.8802
73.2795
74.8697
74.9218
72.8363
72.9948
75.1564
74.7393
73.2795
74.8436
73.6719
75.365
74.6611
72.732
75.365
76.1198
75.7039
74.1658
74.5308
75.1043
74.8177
74.4786
73.4098
74.0094
74.4265
74.5573
76.5902
77.5287
73.6705
73.6705
73.9844
72.5756
74.7132
74.1137
73.9051
72.9427
auroc
0.7953
0.8132
0.8197
0.8065
0.7952
0.8121
0.8117
0.8144
0.8153
0.8334
0.8159
0.8046
0.8178
0.8236
0.8209
0.8071
0.8194
0.8198
0.798
0.7898
0.8165
0.8193
0.8039
0.7764
0.8211
0.8235
0.8231
0.8074
0.8226
0.8209
0.8403
0.8123
0.8243
0.8279
0.8196
0.824
0.8038
0.8225
0.8137
0.8182
0.8216
0.8353
0.8058
0.8153
0.8164
0.7981
0.8258
0.8227
0.8082
0.8014
TPR
0.7716
0.7367
0.5798
0.659
0.6573
0.7852
0.5855
0.5751
0.696
0.7589
0.7581
0.683
0.6554
0.7993
0.8339
0.6126
0.7993
0.6705
0.6955
0.6307
0.6747
0.6137
0.5897
0.6397
0.601
0.7523
0.7904
0.6262
0.7753
0.7391
0.7477
0.6882
0.7602
0.598
0.7469
0.7998
0.7304
0.5845
0.7258
0.699
0.7909
0.7091
0.707
0.659
0.7234
0.635
0.732
0.5693
0.6173
0.6641
TNR
0.6705
0.743
0.9119
0.8233
0.8089
0.6997
0.903
0.8994
0.7826
0.7562
0.7362
0.7873
0.8332
0.6893
0.6438
0.853
0.6981
0.8279
0.7612
0.8292
0.8285
0.8811
0.8759
0.8571
0.8724
0.755
0.7028
0.8285
0.732
0.7833
0.7664
0.7951
0.7304
0.9041
0.7495
0.6898
0.7377
0.8957
0.7628
0.7922
0.7409
0.8415
0.7664
0.8144
0.7562
0.8165
0.7623
0.9129
0.8608
0.7948
PRE
0.7008
0.7413
0.8681
0.7885
0.7747
0.7233
0.8579
0.8511
0.762
0.7569
0.7418
0.7625
0.7971
0.7201
0.7007
0.8065
0.7259
0.7958
0.7444
0.7869
0.7973
0.8377
0.8262
0.8175
0.8249
0.7543
0.7267
0.785
0.7431
0.7733
0.762
0.7706
0.7382
0.8618
0.7488
0.7205
0.7358
0.8486
0.7537
0.7708
0.7532
0.8173
0.7517
0.7802
0.748
0.7758
0.7548
0.8674
0.816
0.7639
F1
0.7345
0.739
0.6952
0.718
0.7112
0.753
0.696
0.6864
0.7275
0.7579
0.7499
0.7206
0.7193
0.7576
0.7615
0.6963
0.7608
0.7278
0.7191
0.7002
0.7309
0.7084
0.6882
0.7178
0.6954
0.7533
0.7572
0.6966
0.7589
0.7558
0.7547
0.7271
0.749
0.7061
0.7478
0.7581
0.7331
0.6922
0.7394
0.7331
0.7716
0.7594
0.7286
0.7145
0.7355
0.6984
0.7433
0.6874
0.7029
0.7105