Avg acc:
59.792674
Std acc:
1.60349175986
Avg auroc:
0.617926
Std auroc:
0.0218500142792
Avg F1:
0.508448
Std F1:
0.0501769877135
acc
60.0886
61.1314
60.0626
59.3848
60.1302
56.074
59.5412
61.3921
60.4275
58.4375
61.6267
59.098
60.8186
58.2638
58.2292
61.8092
60.3233
61.5485
60.8968
59.375
59.2544
59.3326
59.4369
59.6194
59.2708
57.7946
62.3045
59.9062
59.5412
60.2604
60.7143
62.6173
62.1741
60.0104
62.2656
58.1595
55.8394
59.6976
59.4369
57.3958
57.3514
60.8446
61.001
57.4818
59.2708
61.9656
59.4891
60.8446
61.1835
56.5104
auroc
0.6147
0.6287
0.6115
0.6019
0.6263
0.5693
0.623
0.6299
0.6194
0.5962
0.6435
0.6215
0.6209
0.5967
0.5968
0.6417
0.6288
0.643
0.6282
0.6139
0.6104
0.6295
0.5938
0.6191
0.6163
0.5925
0.6323
0.6311
0.625
0.6354
0.6259
0.6602
0.6325
0.6242
0.6556
0.5996
0.5651
0.6179
0.6268
0.5867
0.5773
0.6257
0.6332
0.5929
0.61
0.6498
0.6188
0.6406
0.6452
0.567
TPR
0.3624
0.4009
0.3144
0.3994
0.4698
0.3702
0.4995
0.4635
0.4317
0.4464
0.4301
0.4672
0.3238
0.4103
0.4458
0.4348
0.4463
0.3613
0.4161
0.5703
0.4155
0.3754
0.4353
0.524
0.4677
0.3545
0.3994
0.635
0.3274
0.4057
0.451
0.5401
0.4135
0.5031
0.4219
0.3008
0.4249
0.3379
0.488
0.4172
0.353
0.4922
0.3399
0.2252
0.3224
0.5089
0.3462
0.5021
0.5615
0.3833
TNR
0.8394
0.8217
0.8869
0.7883
0.7328
0.7513
0.6913
0.7643
0.7769
0.7224
0.8024
0.7148
0.8926
0.755
0.7188
0.8014
0.7602
0.8697
0.8019
0.6172
0.7696
0.8113
0.7534
0.6684
0.7177
0.8014
0.8467
0.5631
0.8634
0.7995
0.7633
0.7122
0.83
0.6971
0.8234
0.8624
0.6919
0.8561
0.7007
0.7307
0.7941
0.7247
0.8801
0.9244
0.863
0.7304
0.8436
0.7148
0.6621
0.7469
PRE
0.6929
0.6922
0.7354
0.6536
0.6375
0.5981
0.6181
0.6629
0.6592
0.6165
0.6852
0.6209
0.7509
0.6261
0.6132
0.6864
0.6505
0.7349
0.6774
0.5984
0.6433
0.6654
0.6384
0.6124
0.6236
0.6409
0.7226
0.5924
0.7056
0.6692
0.6558
0.6524
0.7087
0.6242
0.705
0.6861
0.5797
0.7013
0.6199
0.6077
0.6315
0.6413
0.7392
0.7487
0.7018
0.6537
0.6888
0.6377
0.6243
0.6023
F1
0.4759
0.5078
0.4405
0.4958
0.5409
0.4573
0.5525
0.5456
0.5217
0.5178
0.5285
0.5332
0.4525
0.4957
0.5163
0.5324
0.5294
0.4844
0.5155
0.584
0.5049
0.48
0.5177
0.5648
0.5345
0.4565
0.5144
0.613
0.4473
0.5052
0.5344
0.591
0.5222
0.5572
0.5279
0.4183
0.4904
0.456
0.5461
0.4947
0.4528
0.5569
0.4657
0.3463
0.4418
0.5723
0.4608
0.5618
0.5913
0.4685