Avg acc:
70.531732
Std acc:
0.884664376911
Avg auroc:
0.759738
Std auroc:
0.00917991045708
Avg F1:
0.690548
Std F1:
0.0146734077842
acc
69.8644
71.5589
69.7341
70.0469
70.2865
69.8384
69.5255
70.9072
70.5162
70.6771
71.0375
71.2982
69.9948
72.2367
70.3385
71.0115
71.585
70.6465
70.4119
67.9427
69.9687
68.9781
70.5944
70.073
70.5208
69.9426
71.7414
69.7341
71.8717
71.4844
71.3243
71.6893
71.4807
70.6986
70.9896
70.8551
72.2628
69.682
70.9854
70.8854
71.2982
69.2388
70.0209
70.7769
69.5052
69.8384
70.8551
70.1251
68.7956
70.9115
auroc
0.7539
0.7683
0.7575
0.7551
0.7559
0.7534
0.7535
0.762
0.7637
0.7665
0.7585
0.7596
0.7507
0.7749
0.7591
0.766
0.7749
0.756
0.7591
0.7365
0.7503
0.7381
0.7607
0.7592
0.7591
0.7625
0.7721
0.7571
0.7658
0.7736
0.7674
0.7789
0.7746
0.7577
0.7672
0.7604
0.7726
0.7524
0.7621
0.7542
0.7678
0.7474
0.7558
0.7595
0.7499
0.748
0.7687
0.7548
0.7427
0.7612
TPR
0.6559
0.6674
0.6392
0.6449
0.6286
0.6345
0.6387
0.6684
0.6517
0.6234
0.6502
0.6668
0.6679
0.6507
0.6745
0.6163
0.6814
0.6429
0.6554
0.6724
0.6986
0.6757
0.6684
0.6601
0.6938
0.634
0.6788
0.6173
0.6945
0.6729
0.6512
0.7497
0.6767
0.6585
0.6604
0.6543
0.7086
0.658
0.6971
0.6839
0.7112
0.5725
0.6298
0.7117
0.6432
0.6105
0.695
0.6048
0.6074
0.6234
TNR
0.7414
0.7638
0.7555
0.756
0.7771
0.7623
0.7518
0.7497
0.7586
0.7901
0.7706
0.7591
0.732
0.7941
0.7323
0.804
0.7503
0.7701
0.7529
0.6865
0.7007
0.7039
0.7435
0.7414
0.7167
0.7649
0.756
0.7774
0.743
0.7568
0.7753
0.684
0.7529
0.7555
0.7594
0.7628
0.7367
0.7357
0.7226
0.7339
0.7148
0.8123
0.7706
0.7039
0.7469
0.7862
0.7221
0.7977
0.7685
0.7948
PRE
0.7172
0.7386
0.7233
0.7255
0.7382
0.7274
0.7202
0.7276
0.7297
0.7481
0.7392
0.7346
0.7136
0.7596
0.7159
0.7587
0.7318
0.7366
0.7262
0.682
0.7001
0.6953
0.7227
0.7185
0.71
0.7295
0.7356
0.7349
0.7299
0.7345
0.7435
0.7035
0.7325
0.7292
0.7329
0.7339
0.7291
0.7134
0.7154
0.7198
0.7138
0.7531
0.733
0.7062
0.7176
0.7407
0.7144
0.7494
0.7241
0.7524
F1
0.6852
0.7012
0.6787
0.6829
0.679
0.6778
0.677
0.6967
0.6885
0.6801
0.6918
0.6991
0.69
0.7009
0.6946
0.6801
0.7057
0.6865
0.689
0.6772
0.6994
0.6854
0.6945
0.688
0.7018
0.6784
0.7061
0.671
0.7117
0.7024
0.6943
0.7259
0.7035
0.6921
0.6948
0.6918
0.7187
0.6846
0.7061
0.7014
0.7125
0.6505
0.6775
0.7089
0.6784
0.6693
0.7045
0.6694
0.6606
0.6819