Avg acc:
73.849003999999994
Std acc:
0.834653962469878
Avg auroc:
0.811244
Std auroc:
0.00665041833271
Avg F1:
0.727304
Std F1:
0.009331598648320
acc
73.0876
73.4004
72.0188
74.4432
72.5938
74.0782
74.3650
74.1043
74.6517
73.4010
74.6257
74.2086
74.3128
74.4171
72.4896
74.6257
73.7393
73.8436
74.2086
73.9479
73.6090
73.1397
74.0261
75.9030
72.9844
auroc
0.8046
0.8065
0.7995
0.814
0.8066
0.8052
0.8167
0.815
0.8224
0.809
0.8185
0.8101
0.8175
0.8138
0.8101
0.8185
0.8098
0.8052
0.8061
0.8139
0.8098
0.8043
0.8176
0.8262
0.8002
TPR
0.6559
0.6694
0.6679
0.6788
0.6651
0.6945
0.6971
0.6653
0.6945
0.6604
0.6872
0.6741
0.6757
0.696
0.6818
0.6913
0.6846
0.6814
0.6867
0.6854
0.6726
0.6825
0.6856
0.7086
0.6865
TNR
0.8259
0.8186
0.7925
0.83
0.8068
0.8071
0.8102
0.8368
0.8186
0.8276
0.8253
0.83
0.8306
0.8123
0.788
0.8212
0.8102
0.8154
0.8175
0.8135
0.8196
0.8003
0.8149
0.8295
0.7932
PRE
0.7902
0.7868
0.763
0.7998
0.7749
0.7826
0.786
0.803
0.7929
0.793
0.7973
0.7986
0.7995
0.7876
0.7628
0.7945
0.7829
0.7869
0.79
0.7861
0.7885
0.7736
0.7874
0.806
0.7685
F1
0.7138
0.7204
0.7093
0.7313
0.7128
0.7329
0.7359
0.7247
0.7374
0.7177
0.7352
0.7281
0.7294
0.7360
0.7170
0.7363
0.7275
0.7274
0.7317
0.7293
0.7229
0.7222
0.7300
0.7512
0.7222