Avg acc:
79.73423
Std acc:
0.5885123194122631
Avg auroc:
0.85903
Std auroc:
0.005032504346744303
Avg F1:
0.79759
Std F1:
0.007583462269966134
acc
79.8593
79.8072
80.0938
79.1558
80.5628
80.641
79.8332
78.765
79.0255
79.5987
auroc
0.8552
0.8588
0.8637
0.8541
0.8665
0.8677
0.8599
0.8569
0.8533
0.8542
TPR
0.7994
0.8004
0.7936
0.7936
0.8431
0.8108
0.7936
0.7775
0.789
0.7874
TNR
0.7978
0.7957
0.8082
0.7895
0.7681
0.802
0.803
0.7978
0.7916
0.8046
PRE
0.7981
0.7967
0.8054
0.7903
0.7843
0.8037
0.8012
0.7936
0.791
0.8012
F1
0.7988
0.7985
0.7995
0.792
0.8127
0.8073
0.7974
0.7855
0.79
0.7942