Avg acc:
79.47630000000001
Std acc:
0.659878444866931
Avg auroc:
0.85741
Std auroc:
0.008673228925838387
Avg F1:
0.7961099999999999
Std F1:
0.005945830471851701
acc
79.3382
80.1459
79.4164
78.765
79.9896
80.4065
79.1558
78.0615
79.703
79.7811
auroc
0.8586
0.8684
0.8589
0.8511
0.8603
0.8694
0.8522
0.8374
0.8603
0.8575
TPR
0.803
0.7947
0.8051
0.7931
0.802
0.8103
0.8009
0.7942
0.8046
0.8046
TNR
0.7837
0.8082
0.7832
0.7822
0.7978
0.7978
0.7822
0.7671
0.7895
0.791
PRE
0.7878
0.8056
0.7879
0.7845
0.7987
0.8003
0.7862
0.7732
0.7926
0.7938
F1
0.7954
0.8001
0.7964
0.7888
0.8003
0.8053
0.7935
0.7835
0.7986
0.7992