Avg acc:
79.32257000000001
Std acc:
0.7242412720219686
Avg auroc:
0.8532500000000001
Std auroc:
0.005927267498603384
Avg F1:
0.7927000000000001
Std F1:
0.007733045971672498
acc
79.4945
78.9213
78.296
79.0516
80.5628
80.4586
78.4263
79.4164
79.6769
78.9213
auroc
0.8554
0.8458
0.8486
0.8515
0.8636
0.862
0.8465
0.858
0.8508
0.8503
TPR
0.8077
0.7853
0.7624
0.7989
0.8025
0.7989
0.7895
0.7983
0.7822
0.7827
TNR
0.7822
0.7931
0.8035
0.7822
0.8088
0.8103
0.7791
0.79
0.8114
0.7957
PRE
0.7876
0.7915
0.7951
0.7858
0.8076
0.8081
0.7813
0.7917
0.8057
0.793
F1
0.7975
0.7884
0.7784
0.7922
0.805
0.8035
0.7854
0.795
0.7938
0.7878