Avg acc:
79.20791
Std acc:
0.4587365266686329
Avg auroc:
0.8537700000000001
Std auroc:
0.004606745054808212
Avg F1:
0.7924300000000001
Std F1:
0.005396304290901329
acc
79.8332
79.0516
78.4002
79.0255
79.5987
78.9213
79.1819
79.1819
78.8692
80.0156
auroc
0.8557
0.8593
0.8445
0.8609
0.8545
0.8535
0.8479
0.8526
0.8558
0.853
TPR
0.8108
0.7978
0.7827
0.7723
0.7848
0.7968
0.8218
0.7978
0.7801
0.7942
TNR
0.7858
0.7832
0.7853
0.8082
0.8072
0.7817
0.7619
0.7858
0.7973
0.8061
PRE
0.7911
0.7863
0.7847
0.8011
0.8028
0.7849
0.7753
0.7884
0.7937
0.8038
F1
0.8008
0.792
0.7837
0.7864
0.7937
0.7908
0.7979
0.7931
0.7869
0.799