Avg acc:
79.83325
Std acc:
0.5548017578378799
Avg auroc:
0.8587399999999998
Std auroc:
0.007517606001913094
Avg F1:
0.79246
Std acc:
0.007975738210347682
acc
78.9474
80.8755
79.3643
79.5727
79.6248
80.2501
80.0156
79.9114
79.3121
80.4586
auroc
0.8487
0.8662
0.8569
0.8504
0.8544
0.8683
0.8609
0.8578
0.8519
0.8719
TPR
0.7645
0.7947
0.7551
0.754
0.7504
0.7957
0.7619
0.7843
0.7499
0.7942
TNR
0.8145
0.8228
0.8322
0.8374
0.8421
0.8093
0.8385
0.814
0.8364
0.815
PRE
0.8047
0.8177
0.8182
0.8226
0.8262
0.8067
0.8251
0.8083
0.8209
0.8111
F1
0.7841
0.806
0.7854
0.7868
0.7865
0.8012
0.7922
0.7961
0.7838
0.8025