Avg acc:
78.81188
Std acc:
0.6269410080701372
Avg auroc:
0.8498999999999999
Std auroc:
0.008537681184021798
Avg F1:
0.78649
Std acc:
0.006107610007195946
acc
78.8431
79.5206
79.703
77.9833
78.2699
77.9312
79.6769
78.9995
78.5826
78.6087
auroc
0.8457
0.8599
0.8661
0.843
0.8395
0.8383
0.8566
0.8519
0.847
0.851
TPR
0.8004
0.8061
0.7665
0.7837
0.7863
0.7827
0.789
0.7592
0.7686
0.7634
TNR
0.7764
0.7843
0.8275
0.7759
0.7791
0.7759
0.8046
0.8207
0.803
0.8088
PRE
0.7817
0.7889
0.8163
0.7777
0.7807
0.7774
0.8015
0.809
0.796
0.7997
F1
0.7909
0.7974
0.7906
0.7807
0.7835
0.7801
0.7952
0.7833
0.7821
0.7811