Avg acc:
79.3955
Std acc:
0.6604763008617333
Avg auroc:
0.85762
Std auroc:
0.006346306012161721
Avg F1:
0.7956799999999999
Std F1:
0.007452086956014422
acc
79.3121
79.5727
78.322
78.4523
80.172
80.5367
79.1037
79.6769
79.0776
79.729
auroc
0.8546
0.8556
0.8465
0.8513
0.8686
0.863
0.8576
0.8595
0.8541
0.8654
TPR
0.7791
0.7989
0.7947
0.7895
0.7957
0.8416
0.815
0.8082
0.8004
0.803
TNR
0.8072
0.7926
0.7718
0.7796
0.8077
0.7692
0.7671
0.7853
0.7811
0.7916
PRE
0.8016
0.7939
0.7769
0.7817
0.8054
0.7847
0.7777
0.7901
0.7853
0.7939
F1
0.7902
0.7964
0.7857
0.7856
0.8005
0.8122
0.7959
0.7991
0.7928
0.7984