Avg acc:
78.09797999999999
Std acc:
0.5701490959389487
Avg auroc:
0.84543
Std auroc:
0.006787790509436793
Avg F1:
0.77944
Std acc:
0.005993529844757598
acc
77.2538
78.296
78.4523
77.8791
77.3059
78.4002
78.6608
77.4362
78.296
78.9995
auroc
0.8341
0.8403
0.8535
0.8489
0.8468
0.8463
0.853
0.8341
0.8455
0.8518
TPR
0.7754
0.7791
0.7749
0.7619
0.7441
0.778
0.7655
0.7916
0.7957
0.7749
TNR
0.7697
0.7869
0.7942
0.7957
0.802
0.79
0.8077
0.7572
0.7702
0.8051
PRE
0.771
0.7852
0.7901
0.7886
0.7898
0.7874
0.7992
0.7652
0.7759
0.799
F1
0.7732
0.7821
0.7824
0.775
0.7663
0.7827
0.782
0.7782
0.7857
0.7868