Avg acc:
79.42418
Std acc:
0.30229694606462665
Avg auroc:
0.85497
Std auroc:
0.004871355047622789
Avg F1:
0.79554
Std F1:
0.0038029462262829904
acc
79.2861
79.0255
78.9995
79.9896
79.6769
79.7811
79.3121
79.3643
79.5206
79.2861
auroc
0.8537
0.8419
0.855
0.8585
0.8579
0.8613
0.8552
0.8566
0.8555
0.8541
TPR
0.8134
0.8004
0.7916
0.8181
0.7936
0.8035
0.7968
0.7869
0.8103
0.7921
TNR
0.7723
0.7801
0.7884
0.7817
0.7999
0.7921
0.7895
0.8004
0.7801
0.7936
PRE
0.7813
0.7845
0.7891
0.7893
0.7986
0.7944
0.791
0.7977
0.7865
0.7933
F1
0.797
0.7924
0.7903
0.8035
0.7961
0.799
0.7939
0.7922
0.7983
0.7927