Avg acc:
79.24179000000001
Std acc:
0.4741754853427147
Avg auroc:
0.8527800000000001
Std auroc:
0.004856706703106541
Avg F1:
0.7943700000000001
Std F1:
0.004636604360952099
acc
79.5987
79.4945
78.791
78.1918
79.6509
79.7551
78.8171
79.5987
79.3382
79.1819
auroc
0.8577
0.8526
0.8499
0.8438
0.8534
0.8631
0.8524
0.8544
0.8506
0.8499
TPR
0.7999
0.815
0.8056
0.7968
0.8155
0.8067
0.7978
0.7936
0.8025
0.7858
TNR
0.7921
0.7749
0.7702
0.7671
0.7775
0.7884
0.7785
0.7983
0.7843
0.7978
PRE
0.7937
0.7836
0.7781
0.7738
0.7856
0.7922
0.7827
0.7974
0.7881
0.7954
F1
0.7968
0.799
0.7916
0.7851
0.8003
0.7994
0.7902
0.7955
0.7952
0.7906