Avg acc:
78.55655
Std acc:
0.6338635330258403
Avg auroc:
0.8507200000000001
Std auroc:
0.006643161897771285
Avg F1:
0.78657
Std acc:
0.007716741540313515
acc
79.6509
78.765
79.1558
77.2798
78.4263
79.1298
78.4263
78.0354
78.5305
78.1657
auroc
0.8575
0.8471
0.8552
0.8407
0.8579
0.8558
0.8475
0.8382
0.8539
0.8534
TPR
0.803
0.7994
0.8181
0.7801
0.7759
0.8015
0.79
0.79
0.7926
0.7551
TNR
0.79
0.7759
0.765
0.7655
0.7926
0.7811
0.7785
0.7707
0.778
0.8082
PRE
0.7927
0.7811
0.7768
0.7689
0.7891
0.7855
0.781
0.7751
0.7812
0.7975
F1
0.7978
0.7901
0.797
0.7744
0.7824
0.7934
0.7855
0.7825
0.7869
0.7757