Avg acc:
78.46534999999999
Std acc:
0.5871508890396069
Avg auroc:
0.8484299999999999
Std auroc:
0.004975148238997508
Avg F1:
0.78734
Std acc:
0.007819616358875927
acc
78.9734
79.26
78.765
77.6186
78.1397
78.7389
79.2079
78.4263
77.6446
77.8791
auroc
0.8557
0.8562
0.8492
0.8387
0.8472
0.8479
0.8507
0.849
0.8466
0.8431
TPR
0.7775
0.8327
0.802
0.7957
0.7837
0.8088
0.8129
0.814
0.7629
0.7874
TNR
0.802
0.7525
0.7733
0.7566
0.7791
0.766
0.7712
0.7546
0.79
0.7702
PRE
0.797
0.7709
0.7796
0.7658
0.7801
0.7756
0.7804
0.7683
0.7841
0.7741
F1
0.7871
0.8006
0.7906
0.7805
0.7819
0.7918
0.7963
0.7905
0.7734
0.7807