Avg acc:
80.870184
Std acc:
0.5403309135557572
Avg auroc:
0.869538
Std auroc:
0.005333100036564098
Avg F1:
0.796374
Std F1:
0.006885951205171296
acc
81.6174
80.2097
81.5392
80.4964
80.4908
81.9563
80.6268
80.9917
80.6528
81.5065
80.3921
81.9041
81.5131
80.569
80.705
80.1054
80.34
82.0084
80.1523
80.2097
80.705
80.4703
80.3921
80.9596
81.3925
80.6528
81.2524
81.7998
80.4388
80.4182
81.6956
80.6007
81.3045
81.4804
80.3661
80.8874
80.0272
81.3045
80.7773
81.4088
80.0793
80.4964
80.3606
81.0439
80.8092
80.6789
81.0538
81.2101
80.6109
80.8454
auroc
0.8759
0.8675
0.8714
0.8688
0.8685
0.8812
0.8715
0.8666
0.8692
0.872
0.8568
0.8793
0.8781
0.8657
0.8705
0.8644
0.8664
0.8793
0.8658
0.8635
0.8679
0.8651
0.8694
0.866
0.8756
0.8668
0.8781
0.8761
0.8653
0.8704
0.8696
0.8672
0.8721
0.8717
0.8648
0.8695
0.8587
0.8807
0.8658
0.8783
0.8637
0.8631
0.8679
0.8717
0.8673
0.8699
0.8689
0.8692
0.8667
0.867
TPR
0.7372
0.7247
0.7612
0.743
0.7484
0.7586
0.7466
0.7544
0.7351
0.7438
0.7289
0.8076
0.768
0.7443
0.7398
0.7258
0.7482
0.7576
0.7307
0.7357
0.7419
0.7565
0.7523
0.7604
0.7665
0.7742
0.7779
0.7628
0.7453
0.7623
0.7701
0.7346
0.745
0.7792
0.7842
0.7487
0.7534
0.7742
0.7552
0.756
0.7654
0.7669
0.7469
0.7664
0.7737
0.7477
0.7629
0.7613
0.7478
0.7405
TNR
0.8921
0.8764
0.8665
0.8639
0.8583
0.8775
0.8629
0.8624
0.8749
0.8833
0.8759
0.8274
0.8592
0.8641
0.8712
0.8733
0.8556
0.8796
0.8693
0.8655
0.8691
0.8498
0.8525
0.8557
0.8583
0.8358
0.8441
0.8702
0.8604
0.8431
0.8608
0.8743
0.878
0.8474
0.8201
0.866
0.8441
0.8488
0.8573
0.8691
0.8332
0.8399
0.8573
0.8514
0.8394
0.8629
0.8551
0.8598
0.8614
0.8734
PRE
0.8723
0.8543
0.8508
0.8452
0.8408
0.8609
0.8448
0.8457
0.8545
0.8644
0.8545
0.8239
0.8451
0.8456
0.8517
0.8514
0.8382
0.8628
0.8482
0.8454
0.8501
0.8344
0.836
0.8405
0.8439
0.825
0.8331
0.8546
0.8423
0.8293
0.8469
0.8539
0.8593
0.8362
0.8134
0.8482
0.8286
0.8366
0.8411
0.8524
0.821
0.8273
0.8396
0.8376
0.8281
0.845
0.8404
0.8445
0.8436
0.854
F1
0.7991
0.7842
0.8035
0.7908
0.792
0.8065
0.7927
0.7975
0.7904
0.7996
0.7867
0.8157
0.8047
0.7917
0.7919
0.7836
0.7906
0.8068
0.7851
0.7867
0.7923
0.7935
0.792
0.7985
0.8034
0.7988
0.8045
0.8061
0.7908
0.7943
0.8067
0.7898
0.7981
0.8067
0.7985
0.7953
0.7892
0.8042
0.7958
0.8013
0.7922
0.796
0.7905
0.8004
0.8
0.7934
0.7998
0.8008
0.7928
0.7932