Avg acc:
79.09589
Std acc:
0.4538382012347571
Avg auroc:
0.85315
Std auroc:
0.005475079908092675
Avg F1:
0.79269
Std F1:
0.005431657205678579
acc
79.8332
79.0776
78.7389
78.8953
79.4685
78.1397
78.8692
79.4685
79.4164
79.0516
auroc
0.8625
0.8498
0.848
0.855
0.8568
0.8508
0.8461
0.8518
0.8621
0.8486
TPR
0.7874
0.8046
0.8145
0.8114
0.8202
0.7718
0.7942
0.8041
0.8046
0.7822
TNR
0.8093
0.777
0.7603
0.7665
0.7692
0.791
0.7832
0.7853
0.7837
0.7989
PRE
0.805
0.783
0.7726
0.7766
0.7804
0.7869
0.7856
0.7893
0.7882
0.7954
F1
0.7961
0.7936
0.793
0.7936
0.7998
0.7793
0.7898
0.7966
0.7963
0.7888