Avg acc:
79.34601
Std acc:
0.6204188866403072
Avg auroc:
0.8554
Std auroc:
0.0054887156967728164
Avg F1:
0.7926300000000001
Std F1:
0.0068772160064956645
acc
79.729
78.9213
78.4263
79.2079
80.198
79.3121
79.7811
78.6087
78.9213
80.3544
auroc
0.8625
0.8533
0.8516
0.8536
0.8624
0.8472
0.8582
0.8482
0.8544
0.8626
TPR
0.8129
0.7931
0.7629
0.7827
0.7952
0.791
0.7994
0.7879
0.7801
0.7905
TNR
0.7817
0.7853
0.8056
0.8015
0.8088
0.7952
0.7962
0.7843
0.7983
0.8166
PRE
0.7883
0.787
0.797
0.7977
0.8061
0.7943
0.7969
0.785
0.7946
0.8117
F1
0.8004
0.79
0.7796
0.7901
0.8006
0.7927
0.7981
0.7865
0.7873
0.801