Avg acc:
79.06720999999999
Std acc:
0.6005400527025647
Avg auroc:
0.8529300000000001
Std auroc:
0.005490364286638917
Avg F1:
0.79348
Std F1:
0.006811137937231917
acc
79.703
79.1558
78.0615
78.322
79.3903
80.198
79.1558
78.5826
79.0255
79.0776
auroc
0.8567
0.8508
0.8505
0.8573
0.8516
0.8647
0.8551
0.846
0.8516
0.845
TPR
0.8161
0.7942
0.7791
0.802
0.7921
0.8223
0.8181
0.7983
0.815
0.8072
TNR
0.778
0.789
0.7822
0.7645
0.7957
0.7817
0.765
0.7733
0.7655
0.7744
PRE
0.7861
0.79
0.7815
0.773
0.795
0.7902
0.7768
0.7789
0.7766
0.7815
F1
0.8008
0.7921
0.7803
0.7872
0.7935
0.8059
0.797
0.7885
0.7953
0.7942