Avg acc:
78.22042
Std acc:
0.5396075181092288
Avg auroc:
0.84627
Std auroc:
0.007434251811715809
Avg F1:
0.78424
Std acc:
0.007400702669341611
acc
78.4784
77.9573
78.6347
77.8009
77.2798
78.1657
79.2861
78.6868
77.8009
78.1136
auroc
0.8397
0.839
0.8549
0.8473
0.8426
0.8453
0.8644
0.8407
0.8444
0.8444
TPR
0.7999
0.7884
0.7978
0.7962
0.7546
0.8338
0.7947
0.7931
0.7634
0.7989
TNR
0.7697
0.7707
0.7749
0.7598
0.791
0.7295
0.791
0.7806
0.7926
0.7634
PRE
0.7764
0.7747
0.7799
0.7682
0.7831
0.7551
0.7918
0.7833
0.7864
0.7715
F1
0.788
0.7815
0.7888
0.782
0.7686
0.7925
0.7932
0.7882
0.7747
0.7849