Avg acc:
80.00782000000001
Std acc:
0.6062787276492564
Avg auroc:
0.8607199999999999
Std auroc:
0.006778908466707598
Avg F1:
0.8013100000000002
Std F1:
0.006371569665317953
acc
81.2663
79.729
78.791
79.9114
79.729
80.3544
80.4586
79.6769
80.0417
80.1199
auroc
0.8707
0.8603
0.8515
0.8596
0.8661
0.8573
0.8724
0.8523
0.8557
0.8613
TPR
0.8213
0.8301
0.7895
0.8197
0.7863
0.8088
0.7858
0.8124
0.8129
0.7978
TNR
0.8041
0.7645
0.7863
0.7785
0.8082
0.7983
0.8233
0.7811
0.7879
0.8046
PRE
0.8074
0.779
0.787
0.7873
0.8039
0.8004
0.8165
0.7878
0.7931
0.8033
F1
0.8143
0.8037
0.7882
0.8032
0.795
0.8046
0.8008
0.7999
0.8029
0.8005