Avg acc:
79.72903
Std acc:
0.534993585101728
Avg auroc:
0.8577600000000001
Std auroc:
0.007761597773654607
Avg F1:
0.7960999999999999
Std F1:
0.005766801539848588
acc
80.4325
79.2079
79.2861
79.4685
80.0156
80.0938
80.3544
79.6509
78.6868
80.0938
auroc
0.8669
0.8532
0.8561
0.8491
0.861
0.8598
0.8659
0.8624
0.8406
0.8626
TPR
0.7973
0.8161
0.791
0.7738
0.8056
0.7994
0.8124
0.7775
0.791
0.753
TNR
0.8114
0.7681
0.7947
0.8155
0.7947
0.8025
0.7947
0.8155
0.7827
0.8489
PRE
0.8087
0.7787
0.7939
0.8075
0.7969
0.8019
0.7983
0.8082
0.7845
0.8329
F1
0.8029
0.7969
0.7925
0.7903
0.8012
0.8006
0.8053
0.7926
0.7878
0.7909