Avg acc:
79.43199
Std acc:
0.5440733414715341
Avg auroc:
0.85511
Std auroc:
0.005847811556471358
Avg F1:
0.7948700000000001
Std F1:
0.004845214133554882
acc
80.0156
78.7389
79.6248
79.1558
80.172
79.8332
78.6347
78.7129
79.6769
79.7551
auroc
0.8594
0.8474
0.8616
0.8545
0.8539
0.8638
0.8435
0.8543
0.8546
0.8581
TPR
0.8145
0.7962
0.7884
0.803
0.7968
0.8041
0.7957
0.7968
0.7806
0.7936
TNR
0.7858
0.7785
0.8041
0.7801
0.8067
0.7926
0.777
0.7775
0.8129
0.8015
PRE
0.7918
0.7824
0.801
0.785
0.8047
0.795
0.7811
0.7817
0.8067
0.7999
F1
0.803
0.7893
0.7946
0.7939
0.8007
0.7995
0.7883
0.7892
0.7934
0.7968