Avg acc:
78.53831
Std acc:
0.6537755860385113
Avg auroc:
0.84769
Std auroc:
0.0073157979742472495
Avg F1:
0.7881500000000001
Std F1:
0.008500970532827423
acc
78.9734
78.4263
78.9734
78.3742
77.9573
78.8953
78.7389
77.4622
77.7749
79.8072
auroc
0.8532
0.8448
0.8485
0.8492
0.8447
0.8544
0.8497
0.829
0.8465
0.8569
TPR
0.8207
0.8202
0.815
0.7546
0.7634
0.7822
0.8093
0.7879
0.8166
0.8202
TNR
0.7587
0.7483
0.7645
0.8129
0.7957
0.7957
0.7655
0.7613
0.7389
0.7759
PRE
0.7728
0.7652
0.7758
0.8013
0.7889
0.7929
0.7753
0.7675
0.7577
0.7854
F1
0.7961
0.7918
0.7949
0.7772
0.776
0.7875
0.7919
0.7776
0.7861
0.8024