Avg acc:
79.12974
Std acc:
0.5601470399814694
Avg auroc:
0.8544499999999999
Std auroc:
0.004690895436907541
Avg F1:
0.78937
Std acc:
0.005424767276114244
acc
78.7389
79.8332
79.2861
78.9213
78.0094
79.3121
80.0156
78.7389
78.9213
79.5206
auroc
0.8487
0.8595
0.8514
0.8537
0.849
0.8592
0.862
0.8536
0.8492
0.8582
TPR
0.7692
0.8009
0.7775
0.778
0.7895
0.7738
0.7936
0.7853
0.7764
0.778
TNR
0.8056
0.7957
0.8082
0.8004
0.7707
0.8124
0.8067
0.7895
0.802
0.8124
PRE
0.7983
0.7968
0.8022
0.7958
0.7749
0.8049
0.8041
0.7886
0.7968
0.8057
F1
0.7834
0.7989
0.7896
0.7868
0.7821
0.7891
0.7988
0.7869
0.7865
0.7916