Avg acc:
78.14487
Std acc:
0.6839826972226714
Avg auroc:
0.8460300000000001
Std auroc:
0.0073694029608917565
Avg F1:
0.7861
Std acc:
0.0067346863327106795
acc
78.791
79.4945
78.296
78.2178
76.9151
78.296
78.3742
77.9833
77.7228
77.358
auroc
0.8494
0.8565
0.8478
0.8455
0.831
0.8568
0.8481
0.8403
0.8451
0.8398
TPR
0.8171
0.8114
0.7962
0.8114
0.7942
0.7817
0.79
0.8275
0.814
0.789
TNR
0.7587
0.7785
0.7697
0.753
0.7441
0.7843
0.7775
0.7322
0.7405
0.7582
PRE
0.772
0.7856
0.7756
0.7666
0.7563
0.7837
0.7802
0.7555
0.7583
0.7654
F1
0.7939
0.7983
0.7858
0.7884
0.7748
0.7827
0.7851
0.7899
0.7851
0.777