Avg acc:
78.2517
Std acc:
0.5096429632595747
Avg auroc:
0.8459
Std auroc:
0.009765449298419413
Avg F1:
0.7832699999999999
Std acc:
0.006343981399720531
acc
78.6608
78.8171
78.1657
78.2699
77.7749
77.827
79.0776
77.2538
78.296
78.3742
auroc
0.847
0.8559
0.8412
0.8587
0.8483
0.8411
0.8594
0.8284
0.8453
0.8337
TPR
0.8129
0.8056
0.7728
0.753
0.7551
0.803
0.7759
0.8035
0.8114
0.7707
TNR
0.7603
0.7707
0.7905
0.8124
0.8004
0.7535
0.8056
0.7415
0.7546
0.7968
PRE
0.7723
0.7784
0.7867
0.8006
0.7909
0.7651
0.7997
0.7566
0.7678
0.7913
F1
0.7921
0.7918
0.7797
0.776
0.7726
0.7836
0.7876
0.7794
0.789
0.7809