Avg acc:
79.27828
Std acc:
0.6102849691742381
Avg auroc:
0.8544499999999999
Std auroc:
0.003265960808093081
Avg F1:
0.7902899999999999
Std F1:
0.00752574913214625
acc
79.4685
78.7389
79.1819
79.3121
79.2861
80.3544
79.5206
78.3481
78.4784
80.0938
auroc
0.8546
0.851
0.8529
0.8565
0.8597
0.854
0.8562
0.8498
0.8507
0.8591
TPR
0.7999
0.7692
0.791
0.7978
0.7546
0.7936
0.7916
0.7759
0.752
0.7863
TNR
0.7895
0.8056
0.7926
0.7884
0.8312
0.8134
0.7989
0.791
0.8176
0.8155
PRE
0.7916
0.7983
0.7923
0.7904
0.8172
0.8097
0.7974
0.7878
0.8048
0.81
F1
0.7957
0.7834
0.7917
0.7941
0.7846
0.8016
0.7945
0.7818
0.7775
0.798