Avg acc:
74.80754705882354
Std acc:
1.5542582256186122
Avg auroc:
0.8237764705882352
Std auroc:
0.012020572043340326
Avg F1:
0.7212647058823529
Std F1:
0.03194043981384304
acc
73.2273
73.8269
73.6444
72.341
74.0876
72.9666
74.4526
76.4077
74.8436
74.4004
74.7654
78.7018
73.3837
75.8342
74.1397
76.5902
75.756
73.2013
77.7894
73.5662
74.1137
74.7654
73.7226
78.1543
74.0615
75.0
78.3107
74.7132
74.0355
74.2961
73.4359
74.9739
75.2346
74.7132
auroc
0.8084
0.827
0.8349
0.7993
0.8266
0.8064
0.8266
0.8468
0.8174
0.8242
0.8161
0.8413
0.8075
0.83
0.8166
0.8256
0.8433
0.825
0.8375
0.8131
0.8133
0.8223
0.8129
0.8272
0.8184
0.8316
0.8435
0.8409
0.813
0.8189
0.8063
0.8239
0.8253
0.8373
TPR
0.7529
0.5464
0.5422
0.757
0.5683
0.6757
0.7753
0.6319
0.6898
0.5845
0.6814
0.8071
0.6762
0.609
0.6585
0.7685
0.598
0.5036
0.781
0.5923
0.6898
0.6861
0.7117
0.7273
0.6971
0.5714
0.7946
0.5422
0.6418
0.7273
0.6882
0.5959
0.5944
0.5605
TNR
0.7117
0.9301
0.9307
0.6898
0.9135
0.7836
0.7138
0.8962
0.8071
0.9035
0.8139
0.7669
0.7914
0.9077
0.8243
0.7633
0.9171
0.9604
0.7748
0.879
0.7925
0.8092
0.7628
0.8358
0.7842
0.9286
0.7716
0.952
0.8389
0.7586
0.7805
0.9035
0.9103
0.9338
PRE
0.7231
0.8866
0.8866
0.7093
0.8678
0.7575
0.7304
0.859
0.7815
0.8583
0.7855
0.7759
0.7643
0.8684
0.7894
0.7645
0.8783
0.9271
0.7762
0.8304
0.7687
0.7824
0.75
0.8158
0.7636
0.8889
0.7768
0.9187
0.7994
0.7508
0.7582
0.8607
0.8689
0.8943
F1
0.7377
0.6761
0.6729
0.7324
0.6868
0.7142
0.7521
0.7281
0.7328
0.6954
0.7298
0.7912
0.7176
0.7159
0.718
0.7665
0.7115
0.6527
0.7786
0.6914
0.7271
0.7311
0.7303
0.769
0.7288
0.6957
0.7856
0.682
0.712
0.7389
0.7215
0.7043
0.7059
0.6891