Avg acc:
75.05865250000001
Std acc:
1.1071852803364708
Avg auroc:
0.8247099999999999
Std auroc:
0.014602136829930053
Avg F1:
0.74062
Std F1:
0.031204151597553
acc
75.391
74.5047
73.9312
76.7987
73.7748
74.1658
76.0688
74.6872
75.8603
74.5047
77.7894
75.4171
75.3128
75.2346
73.8269
75.1043
72.9666
75.5214
74.1658
75.8081
76.8248
77.0073
74.0355
73.3837
74.1397
75.2868
74.0615
74.7914
75.391
75.9906
75.2346
74.9218
74.5308
76.4338
76.9552
73.7226
74.8436
75.9645
73.6966
74.2961
auroc
0.8245
0.8198
0.8218
0.8344
0.8173
0.8238
0.8274
0.8319
0.8242
0.8193
0.8441
0.8374
0.8264
0.8326
0.8205
0.8255
0.7948
0.8269
0.8261
0.8243
0.843
0.8351
0.7537
0.8238
0.8182
0.8309
0.8131
0.834
0.8287
0.8357
0.834
0.8389
0.8202
0.8337
0.8358
0.8169
0.8319
0.8273
0.8143
0.8162
TPR
0.805
0.6778
0.793
0.7299
0.6095
0.6757
0.756
0.574
0.7821
0.7018
0.8243
0.817
0.5954
0.5902
0.5725
0.5944
0.5772
0.7143
0.8358
0.7586
0.67
0.8092
0.56
0.5521
0.6679
0.7237
0.6736
0.573
0.597
0.6387
0.6163
0.5839
0.7383
0.7471
0.7779
0.7852
0.5714
0.7523
0.5918
0.6648
TNR
0.7028
0.8123
0.6856
0.806
0.866
0.8076
0.7654
0.9197
0.7351
0.7883
0.7315
0.6913
0.9108
0.9145
0.9041
0.9077
0.8822
0.7961
0.6475
0.7576
0.8665
0.731
0.9208
0.9155
0.8149
0.7821
0.8076
0.9228
0.9108
0.8811
0.8884
0.9145
0.7523
0.7815
0.7612
0.6893
0.9254
0.7669
0.8822
0.8212
PRE
0.7304
0.7831
0.7161
0.7901
0.8198
0.7784
0.7632
0.8773
0.747
0.7683
0.7543
0.7258
0.8698
0.8735
0.8565
0.8656
0.8305
0.778
0.7034
0.7578
0.8339
0.7505
0.876
0.8673
0.783
0.7685
0.7778
0.8813
0.8701
0.8431
0.8467
0.8723
0.7488
0.7738
0.7651
0.7165
0.8846
0.7635
0.8339
0.788
F1
0.7769
0.7377
0.7636
0.7698
0.7102
0.7344
0.7706
0.705
0.7751
0.7445
0.7987
0.7797
0.7179
0.7154
0.6972
0.7158
0.692
0.7558
0.7749
0.7692
0.754
0.7897
0.6942
0.6857
0.7319
0.7564
0.733
0.7055
0.7191
0.7378
0.7243
0.7106
0.7545
0.7712
0.7825
0.7603
0.7053
0.7689
0.7033
0.7322