Avg acc:
79.56228
Std acc:
0.7133787392402448
Avg auroc:
0.8577600000000001
Std auroc:
0.005914592124567847
Avg F1:
0.79672
Std F1:
0.0085619857509809
acc
80.0677
78.3481
78.5305
80.2762
79.729
80.4586
79.234
78.9995
79.703
80.2762
auroc
0.8623
0.8481
0.8515
0.8624
0.8503
0.8684
0.8597
0.8593
0.8581
0.8575
TPR
0.8301
0.7827
0.7639
0.814
0.8134
0.8098
0.7931
0.814
0.7999
0.7936
TNR
0.7712
0.7843
0.8067
0.7916
0.7811
0.7994
0.7916
0.766
0.7942
0.8119
PRE
0.784
0.7839
0.798
0.7961
0.788
0.8014
0.7919
0.7767
0.7953
0.8084
F1
0.8064
0.7833
0.7806
0.8049
0.8005
0.8056
0.7925
0.7949
0.7976
0.8009