Avg acc:
79.44241
Std acc:
0.42654972851942996
Avg auroc:
0.8546900000000001
Std auroc:
0.006134892012089534
Avg F1:
0.79259
Std acc:
0.004442398001080059
acc
79.4945
80.2762
79.3121
79.9114
78.8692
79.2079
79.7551
79.1037
78.9213
79.5727
auroc
0.8494
0.8559
0.8557
0.8666
0.8446
0.8544
0.8612
0.8515
0.8489
0.8587
TPR
0.7931
0.8004
0.777
0.7796
0.7848
0.7796
0.7754
0.7791
0.7858
0.8015
TNR
0.7968
0.8051
0.8093
0.8187
0.7926
0.8046
0.8197
0.803
0.7926
0.79
PRE
0.796
0.8042
0.8029
0.8113
0.791
0.7996
0.8113
0.7982
0.7912
0.7924
F1
0.7946
0.8023
0.7897
0.7951
0.7879
0.7894
0.793
0.7885
0.7885
0.7969