Avg acc:
79.1532
Std acc:
0.7894676573489253
Avg auroc:
0.8534599999999999
Std auroc:
0.008349994011973913
Avg F1:
0.79263
Std F1:
0.0070545091962516985
acc
80.5888
79.729
79.4164
77.7488
78.5826
78.4263
79.7551
79.5466
78.5044
79.234
auroc
0.8635
0.8558
0.8562
0.8396
0.8523
0.8492
0.8587
0.8651
0.8391
0.8551
TPR
0.8098
0.8134
0.7921
0.7983
0.7874
0.8108
0.7983
0.7853
0.7884
0.7843
TNR
0.802
0.7811
0.7962
0.7566
0.7843
0.7577
0.7968
0.8056
0.7817
0.8004
PRE
0.8035
0.788
0.7954
0.7664
0.7849
0.7699
0.7971
0.8016
0.7831
0.7971
F1
0.8066
0.8005
0.7937
0.782
0.7862
0.7898
0.7977
0.7934
0.7858
0.7906