Avg acc:
77.88100800000001
Std acc:
0.6908482125156005
Avg auroc:
0.832738
Std auroc:
0.007832110571231739
Avg F1:
0.781088
Std F1:
0.0076837136854518455
acc
78.2847
77.7894
77.0334
77.268
78.1771
77.8676
77.8936
78.3107
78.8582
79.3229
78.1283
77.2419
77.5808
78.7278
77.4219
78.1804
77.1898
77.4244
77.6069
78.2552
76.6684
77.8415
77.0594
77.659
77.3958
77.633
77.8936
78.806
77.9458
77.2135
77.633
77.9718
78.4411
78.9103
78.4375
76.4599
78.8843
78.415
78.7018
77.9688
78.7018
78.3368
75.9645
77.8415
78.5156
77.2941
76.6423
78.4932
77.7112
78.0469
auroc
0.845
0.8257
0.8328
0.8297
0.8321
0.8271
0.8279
0.838
0.833
0.8432
0.8352
0.8327
0.8282
0.8382
0.8422
0.8352
0.8216
0.8243
0.8226
0.8361
0.8111
0.841
0.8223
0.8322
0.823
0.8342
0.8353
0.8425
0.8278
0.8285
0.8321
0.8315
0.8465
0.8406
0.8405
0.8187
0.8407
0.8338
0.8339
0.8296
0.8489
0.8297
0.8243
0.8329
0.8393
0.8324
0.8191
0.8445
0.8373
0.8319
TPR
0.8055
0.7852
0.768
0.7998
0.7766
0.7831
0.8097
0.8102
0.8014
0.8188
0.7987
0.7972
0.7878
0.7977
0.7984
0.8118
0.793
0.7862
0.7868
0.8062
0.7701
0.7987
0.8008
0.7664
0.7797
0.7565
0.7852
0.8019
0.7946
0.7964
0.7664
0.7977
0.7873
0.805
0.7974
0.7696
0.7967
0.7706
0.7935
0.7922
0.7888
0.7868
0.7696
0.7742
0.7953
0.7732
0.7497
0.806
0.7862
0.7932
TNR
0.7602
0.7706
0.7727
0.7456
0.787
0.7742
0.7482
0.756
0.7758
0.7677
0.7638
0.7477
0.7638
0.7769
0.75
0.7518
0.7508
0.7623
0.7654
0.7589
0.7633
0.7581
0.7404
0.7868
0.7682
0.7961
0.7727
0.7742
0.7643
0.7479
0.7862
0.7617
0.7815
0.7732
0.7714
0.7596
0.781
0.7977
0.7805
0.7672
0.7852
0.78
0.7497
0.7826
0.775
0.7727
0.7831
0.7638
0.768
0.7677
PRE
0.7706
0.7739
0.7716
0.7587
0.7847
0.7762
0.7628
0.7685
0.7814
0.779
0.7718
0.7596
0.7693
0.7814
0.7615
0.7659
0.7609
0.7678
0.7703
0.7698
0.7649
0.7675
0.7552
0.7823
0.7709
0.7877
0.7755
0.7803
0.7713
0.7596
0.7819
0.77
0.7828
0.7802
0.7772
0.762
0.7844
0.7921
0.7833
0.7729
0.786
0.7815
0.7546
0.7808
0.7795
0.7728
0.7756
0.7734
0.7721
0.7735
F1
0.7877
0.7795
0.7698
0.7787
0.7806
0.7797
0.7855
0.7888
0.7912
0.7984
0.785
0.7779
0.7785
0.7895
0.7796
0.7882
0.7766
0.7769
0.7784
0.7876
0.7675
0.7828
0.7773
0.7743
0.7752
0.7718
0.7803
0.7909
0.7827
0.7775
0.7741
0.7836
0.785
0.7924
0.7871
0.7658
0.7905
0.7812
0.7884
0.7824
0.7874
0.7841
0.762
0.7775
0.7873
0.773
0.7625
0.7894
0.7791
0.7832