Avg acc:
59.315458
Std acc:
1.31333527038
Avg auroc:
0.614996
Std auroc:
0.0170052575399
Avg F1:
0.453252
Std F1:
0.061537826546
acc
59.3326
60.1929
60.1147
60.975
61.6927
57.2732
60.4015
58.0813
59.4108
60.651
59.3587
57.7424
58.9155
61.2878
59.2708
59.8279
56.7518
57.9249
57.2732
60.1823
59.0198
57.7424
61.1575
61.0532
59.8437
59.9583
58.3681
60.0365
58.2638
61.25
58.8113
56.9343
59.3066
58.316
58.6719
60.1408
58.3681
58.8895
60.8446
56.224
58.6548
59.6976
59.4369
59.5933
61.0156
59.3326
60.1668
60.9489
57.4296
59.6354
auroc
0.6172
0.6114
0.6378
0.6331
0.6468
0.5997
0.6293
0.6076
0.6094
0.6331
0.6268
0.5822
0.6156
0.6339
0.6217
0.6112
0.5988
0.5935
0.5786
0.6236
0.6177
0.5925
0.6241
0.6437
0.6138
0.6091
0.5864
0.6364
0.6104
0.6252
0.6022
0.5858
0.5903
0.6202
0.6082
0.6272
0.6242
0.6177
0.6338
0.5968
0.6001
0.6291
0.6193
0.6208
0.6368
0.616
0.603
0.6394
0.5873
0.621
TPR
0.2633
0.3425
0.2941
0.3431
0.401
0.2367
0.3092
0.3139
0.5203
0.4078
0.366
0.3269
0.3139
0.3368
0.5036
0.2753
0.2122
0.2935
0.3128
0.312
0.3874
0.4228
0.5521
0.3655
0.3641
0.3081
0.2372
0.4479
0.2732
0.3438
0.3253
0.3107
0.2941
0.2868
0.5573
0.4166
0.3055
0.3707
0.4682
0.2188
0.4765
0.2534
0.2576
0.2555
0.4036
0.2503
0.2951
0.426
0.3133
0.4177
TNR
0.9234
0.8613
0.9082
0.8764
0.8328
0.9088
0.8989
0.8478
0.6679
0.8052
0.8212
0.8279
0.8644
0.8889
0.6818
0.9213
0.9228
0.865
0.8326
0.8917
0.793
0.732
0.671
0.8556
0.8328
0.891
0.9301
0.7529
0.8921
0.8812
0.8509
0.8279
0.8921
0.8796
0.6161
0.7862
0.8618
0.8071
0.7487
0.9057
0.6966
0.9406
0.9312
0.9364
0.8167
0.9364
0.9082
0.793
0.8352
0.775
PRE
0.7745
0.7118
0.7622
0.7352
0.7058
0.7218
0.7535
0.6734
0.6104
0.6768
0.6718
0.6552
0.6984
0.752
0.6128
0.7776
0.7333
0.6849
0.6515
0.7423
0.6518
0.6121
0.6266
0.7168
0.6853
0.7388
0.7725
0.6444
0.7168
0.7432
0.6857
0.6436
0.7315
0.7042
0.5921
0.6609
0.6886
0.6577
0.6507
0.6988
0.611
0.81
0.7891
0.8007
0.6877
0.7973
0.7628
0.673
0.6554
0.6499
F1
0.393
0.4625
0.4244
0.4678
0.5115
0.3565
0.4384
0.4282
0.5618
0.5089
0.4738
0.4362
0.4331
0.4653
0.5529
0.4066
0.3292
0.4109
0.4227
0.4393
0.4859
0.5002
0.587
0.4841
0.4755
0.4349
0.363
0.5285
0.3956
0.4701
0.4413
0.4191
0.4195
0.4076
0.5742
0.511
0.4233
0.4742
0.5446
0.3332
0.5354
0.386
0.3884
0.3874
0.5087
0.381
0.4256
0.5217
0.424
0.5086