Avg acc:
59.70237
Std acc:
1.68282556591585
Avg auroc:
0.615866
Std auroc:
0.022866819717660778
Avg F1:
0.5013780000000001
Std F1:
0.05280643252483546
acc
61.731
59.3066
57.0907
58.4724
58.125
61.8352
62.7216
58.8113
62.4609
61.3281
58.7331
59.6715
61.0271
56.4651
59.7656
56.0219
58.4984
57.951
60.0626
61.1198
59.6194
61.4703
61.2357
59.4891
59.1146
61.9656
60.2711
57.0125
59.854
58.9583
58.4724
59.8279
59.6976
58.6288
61.3802
56.5954
60.1668
59.5151
57.3253
57.7604
59.6194
62.4348
59.8279
62.4088
59.5052
58.7591
60.5839
62.0438
61.1835
59.1927
auroc
0.6287
0.6062
0.5773
0.6006
0.5857
0.6389
0.6551
0.6063
0.6533
0.6473
0.612
0.6244
0.6334
0.5783
0.6114
0.5745
0.6085
0.5956
0.6205
0.623
0.6191
0.6368
0.6417
0.6175
0.6054
0.6535
0.6439
0.5838
0.6174
0.6146
0.5909
0.611
0.6208
0.5807
0.6437
0.5772
0.6118
0.6275
0.5837
0.5939
0.6084
0.6501
0.6033
0.6411
0.6157
0.5872
0.6281
0.6393
0.6433
0.6209
TPR
0.5547
0.4082
0.4484
0.3999
0.374
0.4426
0.3983
0.3389
0.3926
0.5849
0.3363
0.4828
0.463
0.2304
0.313
0.1976
0.5459
0.5271
0.3832
0.4896
0.3999
0.4374
0.3978
0.3504
0.4177
0.4609
0.4937
0.3634
0.3285
0.3385
0.3676
0.4333
0.3624
0.318
0.4276
0.4291
0.4453
0.3754
0.4187
0.3922
0.3571
0.4447
0.4124
0.4724
0.4542
0.3926
0.4708
0.4129
0.4677
0.4214
TNR
0.6799
0.7779
0.6934
0.7696
0.7885
0.7941
0.8561
0.8373
0.8566
0.6417
0.8384
0.7106
0.7576
0.8989
0.8823
0.9228
0.6241
0.6319
0.818
0.7328
0.7925
0.792
0.8269
0.8394
0.7646
0.7784
0.7117
0.7769
0.8686
0.8406
0.8019
0.7633
0.8316
0.8545
0.8
0.7028
0.7581
0.8149
0.7278
0.763
0.8352
0.804
0.7842
0.7758
0.7359
0.7826
0.7409
0.8279
0.756
0.7625
PRE
0.6341
0.6476
0.5939
0.6344
0.6388
0.6825
0.7346
0.6757
0.7325
0.6201
0.6754
0.6253
0.6563
0.695
0.7267
0.7192
0.5922
0.5888
0.678
0.6469
0.6584
0.6777
0.6968
0.6857
0.6396
0.6753
0.6313
0.6196
0.7143
0.6799
0.6498
0.6467
0.6827
0.6862
0.6813
0.5908
0.648
0.6698
0.606
0.6233
0.6843
0.6941
0.6564
0.6781
0.6323
0.6436
0.645
0.7059
0.6571
0.6395
F1
0.5918
0.5008
0.511
0.4906
0.4717
0.537
0.5166
0.4514
0.5112
0.602
0.449
0.5449
0.543
0.3461
0.4376
0.31
0.5681
0.5563
0.4897
0.5574
0.4976
0.5317
0.5065
0.4638
0.5054
0.5479
0.5541
0.4581
0.45
0.452
0.4695
0.5189
0.4734
0.4346
0.5254
0.4971
0.5278
0.4811
0.4952
0.4815
0.4693
0.5421
0.5066
0.5569
0.5286
0.4877
0.5443
0.5211
0.5465
0.508