Avg acc:
67.38268599999999
Std acc:
0.8278718879174486
Avg auroc:
0.73104
Std auroc:
0.009226548650497652
Avg F1:
0.651786
Std F1:
0.011834002028054586
acc
66.8926
67.5704
67.7789
66.7362
66.8229
68.6392
65.8759
67.5443
66.9969
67.9427
66.2669
66.7623
68.196
65.9541
68.2292
66.7101
67.7007
66.0063
66.5016
66.1719
68.4046
67.049
66.6058
67.2836
67.7344
67.2315
68.4307
66.4494
68.561
67.8125
67.1533
67.6225
67.8571
67.5704
67.2656
68.2482
65.0678
67.6747
68.196
67.5521
68.6913
67.9875
68.4046
67.3358
68.0208
68.6913
66.9187
67.8311
66.6058
67.5781
auroc
0.7234
0.7325
0.7309
0.7154
0.7179
0.7512
0.7233
0.7309
0.7324
0.7466
0.7267
0.7204
0.7378
0.7172
0.7435
0.721
0.736
0.7159
0.719
0.7272
0.7398
0.7193
0.7239
0.733
0.7325
0.7308
0.7452
0.727
0.7417
0.728
0.7289
0.7445
0.7407
0.7332
0.7307
0.7339
0.7086
0.7363
0.7307
0.7314
0.7414
0.7305
0.7478
0.7288
0.741
0.7368
0.7251
0.7274
0.7289
0.735
TPR
0.5813
0.6319
0.6079
0.5975
0.6057
0.6502
0.6111
0.6142
0.6105
0.6323
0.6038
0.6314
0.6507
0.5756
0.6229
0.5746
0.6397
0.5495
0.5944
0.5953
0.6345
0.6111
0.5876
0.6064
0.5979
0.6194
0.6189
0.5938
0.6074
0.5911
0.6079
0.6225
0.647
0.6152
0.613
0.6043
0.5923
0.6376
0.5949
0.6021
0.623
0.6121
0.6157
0.6043
0.6292
0.6215
0.5871
0.6178
0.6277
0.6214
TNR
0.7565
0.7195
0.7477
0.7372
0.7307
0.7226
0.7065
0.7367
0.7294
0.7266
0.7216
0.7039
0.7132
0.7435
0.7417
0.7596
0.7143
0.7706
0.7357
0.7281
0.7336
0.7299
0.7445
0.7393
0.7568
0.7252
0.7497
0.7351
0.7638
0.7651
0.7351
0.7299
0.7101
0.7362
0.7323
0.7607
0.7091
0.7158
0.769
0.749
0.7508
0.7477
0.7523
0.7424
0.7312
0.7523
0.7513
0.7388
0.7044
0.7302
PRE
0.7048
0.6926
0.7067
0.6945
0.6923
0.701
0.6755
0.6999
0.6929
0.6981
0.6844
0.6807
0.6941
0.6917
0.7069
0.7051
0.6913
0.7055
0.6922
0.6865
0.7043
0.6935
0.697
0.6993
0.7108
0.6927
0.7121
0.6916
0.72
0.7156
0.6965
0.6974
0.6906
0.6999
0.696
0.7163
0.6706
0.6917
0.7203
0.7057
0.7143
0.7081
0.7132
0.7011
0.7007
0.7151
0.7024
0.7028
0.6798
0.6973
F1
0.6371
0.6609
0.6536
0.6424
0.6461
0.6746
0.6417
0.6543
0.6491
0.6636
0.6416
0.6551
0.6717
0.6283
0.6622
0.6332
0.6645
0.6178
0.6396
0.6377
0.6676
0.6497
0.6376
0.6495
0.6495
0.654
0.6622
0.639
0.6589
0.6475
0.6492
0.6579
0.6681
0.6548
0.6519
0.6555
0.629
0.6636
0.6516
0.6498
0.6656
0.6566
0.6609
0.6491
0.663
0.665
0.6396
0.6576
0.6528
0.6571