Avg acc:
58.019082
Std acc:
5.50882798351
Avg auroc:
0.605692
Std auroc:
0.0805003871792
Avg F1:
0.49317
Std F1:
0.132998370291
acc
59.9844
62.0699
59.0198
61.757
57.3958
43.9781
60.6882
61.8092
63.3212
56.5885
58.8634
57.9249
45.4901
56.1001
41.25
61.2878
61.4181
56.7518
57.6642
58.9583
59.5673
57.4818
61.757
60.6361
62.2656
57.56
59.6194
60.8446
37.5912
62.2656
62.3827
60.0104
59.9844
57.7946
61.6406
53.7539
60.8707
62.6694
57.6642
60.4427
59.0198
61.7831
58.3942
50.0
61.7448
50.0
58.9677
59.3848
60.219
62.3177
auroc
0.6248
0.6533
0.6194
0.6559
0.6036
0.365
0.636
0.6489
0.6668
0.5945
0.6135
0.6197
0.3596
0.5759
0.3767
0.6445
0.6587
0.6103
0.6146
0.6351
0.6332
0.6093
0.67
0.6337
0.6596
0.6171
0.6437
0.6504
0.3437
0.6456
0.6659
0.6278
0.6401
0.6064
0.6271
0.5489
0.6525
0.6606
0.6148
0.6276
0.6394
0.6663
0.6138
0.5
0.658
0.4898
0.6272
0.6347
0.6534
0.6472
TPR
0.4327
0.5115
0.4426
0.5422
0.4323
0.2873
0.5104
0.4833
0.5605
0.4568
0.5448
0.623
0.2091
0.1627
0.599
0.4672
0.5042
0.39
0.4651
0.5016
0.5156
0.3478
0.4964
0.4035
0.4672
0.4739
0.3764
0.5209
0.3905
0.5865
0.4745
0.4718
0.5438
0.4447
0.4469
0.0928
0.5886
0.4353
0.4155
0.5781
0.5151
0.3858
0.5235
0.0
0.4156
0.0
0.4369
0.342
0.3822
0.4896
TNR
0.7669
0.7299
0.7377
0.6929
0.7156
0.5923
0.7033
0.7529
0.7059
0.675
0.6324
0.5355
0.7007
0.9593
0.226
0.7586
0.7242
0.745
0.6882
0.6776
0.6757
0.8019
0.7388
0.8092
0.7781
0.6773
0.816
0.696
0.3613
0.6589
0.7732
0.7284
0.6559
0.7112
0.7859
0.9823
0.6288
0.818
0.7377
0.6307
0.6653
0.8498
0.6444
1.0
0.8193
1.0
0.7424
0.8457
0.8222
0.7568
PRE
0.65
0.6544
0.628
0.6384
0.6032
0.4134
0.6324
0.6617
0.6559
0.5843
0.5971
0.5729
0.4113
0.8
0.4363
0.6593
0.6464
0.6047
0.5987
0.6087
0.6139
0.6371
0.6552
0.6789
0.678
0.5949
0.6716
0.6315
0.3794
0.6322
0.6766
0.6346
0.6124
0.6063
0.6761
0.8396
0.6133
0.7052
0.6131
0.6102
0.6061
0.7198
0.5955
0
0.6969
0
0.6291
0.6891
0.6825
0.6681
F1
0.5196
0.5742
0.5193
0.5864
0.5036
0.339
0.5649
0.5586
0.6044
0.5127
0.5698
0.5969
0.2772
0.2704
0.5048
0.5468
0.5665
0.4742
0.5235
0.55
0.5605
0.4499
0.5648
0.5062
0.5532
0.5276
0.4825
0.5709
0.3849
0.6085
0.5578
0.5413
0.5761
0.5131
0.5381
0.1671
0.6007
0.5384
0.4953
0.5937
0.5569
0.5024
0.5572
0
0.5207
0
0.5157
0.4571
0.49
0.5651