Avg acc:
60.284156
Std acc:
1.4628658875180591
Avg auroc:
0.630684
Std auroc:
0.017614781974239706
Avg F1:
0.5874340000000001
Std F1:
0.028603269813082567
acc
59.854
61.8613
58.9416
59.854
59.6615
59.4108
60.4797
60.7404
59.9844
60.599
60.7664
61.3139
60.0886
61.0792
59.375
62.2784
61.8352
58.2377
60.2972
60.6771
62.3566
59.2284
61.731
59.0719
56.1719
58.8895
61.0792
59.4108
60.6621
63.2552
60.2972
57.5078
61.0532
59.854
59.401
58.5506
61.2357
62.0438
61.6006
56.6927
58.9937
60.2972
59.8801
61.6528
60.651
62.513
59.3848
60.6882
59.6194
63.099
auroc
0.636
0.648
0.6114
0.6353
0.6106
0.6273
0.6325
0.6317
0.6114
0.6359
0.6332
0.6406
0.6305
0.6332
0.6148
0.6526
0.648
0.6005
0.6212
0.6354
0.6543
0.632
0.6418
0.6214
0.593
0.6144
0.6523
0.6303
0.6314
0.6556
0.6253
0.6049
0.631
0.6093
0.6318
0.6017
0.6483
0.6548
0.6339
0.5952
0.6011
0.6383
0.6396
0.6523
0.6481
0.6588
0.6121
0.6424
0.6259
0.6628
TPR
0.5991
0.586
0.5631
0.61
0.5516
0.5735
0.6324
0.5568
0.6043
0.5479
0.6043
0.6335
0.5918
0.6288
0.6036
0.5746
0.5355
0.5068
0.4713
0.6057
0.5396
0.5965
0.5209
0.5985
0.5635
0.5495
0.5845
0.658
0.5782
0.5589
0.4849
0.6194
0.5391
0.4338
0.5745
0.4254
0.623
0.5532
0.6126
0.5797
0.4088
0.5928
0.6627
0.6277
0.5875
0.6084
0.4864
0.597
0.5026
0.5859
TNR
0.598
0.6512
0.6157
0.5871
0.6417
0.6147
0.5772
0.658
0.5954
0.6641
0.6111
0.5928
0.61
0.5928
0.5839
0.671
0.7013
0.658
0.7346
0.6078
0.7075
0.5881
0.7138
0.5829
0.5599
0.6283
0.6371
0.5302
0.635
0.7062
0.7211
0.5308
0.682
0.7633
0.6135
0.7456
0.6017
0.6877
0.6194
0.5542
0.7711
0.6131
0.5349
0.6053
0.6255
0.6418
0.7013
0.6168
0.6898
0.676
PRE
0.5984
0.6269
0.5944
0.5963
0.6062
0.5982
0.5993
0.6195
0.599
0.6199
0.6084
0.6087
0.6028
0.6069
0.5919
0.6359
0.6419
0.5971
0.6398
0.607
0.6485
0.5915
0.6453
0.5893
0.5615
0.5965
0.617
0.5834
0.613
0.6555
0.6348
0.569
0.629
0.647
0.5978
0.6258
0.61
0.6392
0.6168
0.5653
0.641
0.6051
0.5876
0.614
0.6107
0.6294
0.6195
0.609
0.6183
0.644
F1
0.5987
0.6058
0.5783
0.6031
0.5776
0.5856
0.6154
0.5865
0.6016
0.5817
0.6063
0.6208
0.5972
0.6177
0.5977
0.6037
0.5839
0.5482
0.5428
0.6064
0.5891
0.594
0.5765
0.5939
0.5625
0.572
0.6003
0.6185
0.5951
0.6033
0.5498
0.5931
0.5806
0.5194
0.5859
0.5065
0.6165
0.5931
0.6147
0.5724
0.4992
0.5989
0.6229
0.6208
0.5989
0.6188
0.545
0.6029
0.5545
0.6136