Avg acc:
59.72845
Std acc:
1.2565741852
Avg auroc:
0.63793
Std auroc:
0.0154587612699
Avg F1:
0.59861
Std F1:
0.0183251002726
acc
61.1053
58.3681
58.8634
60.4536
60.625
59.3587
59.3066
61.1575
60.9489
59.5052
55.8394
59.463
60.245
58.316
58.8021
61.1835
59.8279
62.0959
60.5318
59.7396
59.0719
59.7497
60.5839
60.0626
59.6094
60.5057
60.1929
60.0104
61.5746
59.4792
59.6976
61.1835
58.9416
59.5673
60.5729
60.1929
58.5245
59.463
55.4484
60.5469
60.61
61.2357
60.9489
59.1762
59.1667
58.1335
58.7852
60.2711
59.5933
57.7865
auroc
0.6494
0.6313
0.6334
0.6343
0.6523
0.6199
0.6268
0.6477
0.6559
0.6323
0.5931
0.644
0.6343
0.611
0.633
0.6435
0.6538
0.6621
0.652
0.6255
0.6366
0.6269
0.6511
0.6382
0.6422
0.6412
0.6537
0.6341
0.6517
0.6282
0.6482
0.6413
0.6439
0.6292
0.6535
0.636
0.6263
0.6313
0.5865
0.6574
0.6414
0.6693
0.6449
0.6422
0.6287
0.6195
0.6359
0.6475
0.6523
0.6217
TPR
0.621
0.5276
0.609
0.6017
0.6682
0.5448
0.5834
0.5683
0.6147
0.5979
0.6319
0.5365
0.6001
0.6001
0.5979
0.5433
0.6752
0.5193
0.5772
0.5828
0.6022
0.5845
0.633
0.5777
0.5417
0.5897
0.5928
0.5829
0.5454
0.5562
0.6502
0.6069
0.6903
0.6199
0.6083
0.5542
0.6366
0.5474
0.6674
0.6557
0.5782
0.6356
0.647
0.6022
0.6073
0.5553
0.7435
0.6517
0.6814
0.5745
TNR
0.6011
0.6397
0.5683
0.6074
0.5443
0.6423
0.6027
0.6548
0.6043
0.5922
0.4849
0.6528
0.6048
0.5662
0.5781
0.6804
0.5214
0.7226
0.6335
0.612
0.5792
0.6105
0.5787
0.6236
0.6505
0.6204
0.6111
0.6173
0.6861
0.6333
0.5438
0.6168
0.4885
0.5714
0.6031
0.6496
0.5339
0.6418
0.4416
0.5552
0.634
0.5892
0.5719
0.5813
0.576
0.6074
0.4322
0.5537
0.5104
0.5812
PRE
0.6089
0.5942
0.5852
0.6051
0.5945
0.6037
0.5949
0.6221
0.6084
0.5945
0.5509
0.6071
0.6029
0.5804
0.5863
0.6296
0.5852
0.6518
0.6116
0.6003
0.5887
0.6001
0.6004
0.6055
0.6078
0.6084
0.6038
0.6037
0.6347
0.6027
0.5877
0.613
0.5744
0.5912
0.6052
0.6127
0.5773
0.6045
0.5444
0.5958
0.6124
0.6074
0.6018
0.5899
0.5889
0.5858
0.567
0.5935
0.5819
0.5784
F1
0.6149
0.559
0.5968
0.6034
0.6292
0.5728
0.5891
0.594
0.6115
0.5962
0.5886
0.5696
0.6015
0.5901
0.5921
0.5833
0.627
0.5781
0.5939
0.5914
0.5954
0.5922
0.6162
0.5912
0.5728
0.5989
0.5983
0.5931
0.5867
0.5785
0.6173
0.6099
0.627
0.6052
0.6068
0.582
0.6055
0.5746
0.5997
0.6243
0.5948
0.6211
0.6236
0.596
0.5979
0.5701
0.6434
0.6213
0.6278
0.5764