Avg acc:
61.406508
Std acc:
1.4540567935
Avg auroc:
0.63642
Std auroc:
0.0183344484509
Avg F1:
0.542604
Std F1:
0.0327523431834
acc
63.0344
61.4181
61.3921
61.7049
60.5208
63.999
61.5485
61.6788
61.001
62.7604
62.7998
61.0271
60.0626
61.8092
60.9375
60.4015
61.9395
60.3754
62.0438
58.9323
61.6788
63.9729
60.4275
60.3233
60.1823
62.6694
61.4181
58.4463
61.4703
58.75
61.8092
62.2002
60.3754
58.0553
62.6562
59.6715
62.8519
61.5485
60.9228
61.1458
62.9823
62.9562
62.7216
61.6528
62.1875
63.4776
58.8895
60.8186
64.8332
59.8437
auroc
0.6561
0.6239
0.6436
0.6256
0.6198
0.6767
0.6315
0.6459
0.6294
0.6397
0.6581
0.6373
0.6206
0.6287
0.6209
0.6184
0.6495
0.6263
0.6551
0.6055
0.6505
0.6443
0.6317
0.6182
0.6251
0.6389
0.6342
0.6111
0.6386
0.6203
0.641
0.6343
0.5997
0.6072
0.6529
0.6114
0.6611
0.6532
0.621
0.6377
0.6493
0.6556
0.6524
0.6512
0.6513
0.6699
0.6123
0.6256
0.6816
0.6268
TPR
0.5078
0.4067
0.5647
0.438
0.3776
0.4114
0.5021
0.5761
0.4541
0.4135
0.4859
0.451
0.4051
0.414
0.4411
0.3478
0.4943
0.4588
0.5282
0.525
0.4791
0.438
0.475
0.3592
0.5422
0.4979
0.4661
0.512
0.4885
0.4729
0.5521
0.4922
0.3811
0.501
0.5099
0.353
0.5464
0.4223
0.4599
0.4661
0.5057
0.4374
0.3936
0.4479
0.4109
0.4864
0.4833
0.3879
0.4776
0.412
TNR
0.7529
0.8217
0.6632
0.7961
0.8328
0.8686
0.7289
0.6575
0.7659
0.8417
0.7701
0.7696
0.7961
0.8222
0.7776
0.8603
0.7445
0.7487
0.7127
0.6536
0.7544
0.8415
0.7336
0.8472
0.6615
0.7555
0.7623
0.6569
0.7409
0.7021
0.684
0.7518
0.8264
0.6601
0.7432
0.8405
0.7106
0.8087
0.7586
0.7568
0.7539
0.8217
0.8608
0.7852
0.8328
0.7831
0.6945
0.8285
0.8191
0.7849
PRE
0.6727
0.6952
0.6264
0.6824
0.6931
0.7579
0.6494
0.6271
0.6598
0.7231
0.6788
0.6618
0.6652
0.6996
0.6648
0.7134
0.6592
0.6461
0.6477
0.6025
0.6612
0.7343
0.6406
0.7016
0.6156
0.6706
0.6622
0.5988
0.6534
0.6135
0.636
0.6648
0.687
0.5958
0.6651
0.6887
0.6538
0.6882
0.6558
0.6571
0.6727
0.7104
0.7387
0.6758
0.7108
0.6916
0.6127
0.6934
0.7253
0.657
F1
0.5787
0.5132
0.5939
0.5335
0.4889
0.5333
0.5663
0.6005
0.538
0.5262
0.5664
0.5364
0.5036
0.5201
0.5304
0.4676
0.565
0.5366
0.5818
0.5611
0.5556
0.5487
0.5455
0.4752
0.5766
0.5715
0.5471
0.552
0.5591
0.5341
0.5911
0.5656
0.4903
0.5443
0.5772
0.4667
0.5953
0.5234
0.5406
0.5454
0.5774
0.5415
0.5136
0.5387
0.5208
0.5712
0.5404
0.4975
0.5759
0.5064