Avg acc:
74.40571
Std acc:
0.91084106149207
Avg auroc:
0.8200319999999999
Std auroc:
0.011189735296243614
Avg F1:
0.733742
Std F1:
0.025030262403738398
acc
73.4098
74.0355
73.0709
73.6966
74.5312
74.5047
74.1658
74.4004
73.9833
73.5156
73.6705
74.7654
74.4786
72.7581
75.9115
75.1564
74.244
75.2346
74.0355
76.1719
74.1397
73.7487
74.7914
74.1658
73.8802
74.2179
74.5829
75.1564
74.6611
74.1667
75.5474
76.3034
74.6872
74.0615
74.3229
73.9572
73.6184
74.1658
76.121
74.1146
75.1825
75.9124
73.6184
74.2179
76.6406
73.5141
73.0188
75.7039
73.3316
72.9948
auroc
0.825
0.8106
0.8086
0.8081
0.829
0.826
0.81
0.8208
0.8217
0.8208
0.818
0.8352
0.8181
0.8143
0.8257
0.8324
0.8076
0.8273
0.8068
0.8327
0.8239
0.8086
0.8287
0.8055
0.8101
0.8244
0.8199
0.8269
0.8257
0.8161
0.8332
0.8454
0.8362
0.8346
0.8221
0.815
0.809
0.828
0.7894
0.8252
0.8335
0.8284
0.8148
0.8253
0.7964
0.8077
0.8168
0.834
0.8029
0.8152
TPR
0.83
0.7258
0.7258
0.6981
0.7802
0.7899
0.6507
0.7325
0.7821
0.7979
0.574
0.622
0.8352
0.7961
0.7349
0.6001
0.6966
0.793
0.6783
0.7568
0.7299
0.7925
0.6095
0.7393
0.6266
0.7857
0.7252
0.7706
0.6126
0.6104
0.7956
0.8092
0.574
0.5959
0.8198
0.8259
0.597
0.5615
0.6335
0.8354
0.5985
0.793
0.6371
0.5652
0.6745
0.7826
0.7862
0.7231
0.6637
0.7641
TNR
0.6382
0.755
0.7357
0.7758
0.7104
0.7002
0.8326
0.7555
0.6976
0.6724
0.8994
0.8733
0.6543
0.659
0.7833
0.903
0.7883
0.7117
0.8024
0.7667
0.7529
0.6825
0.8863
0.744
0.851
0.6986
0.7664
0.7325
0.8806
0.8729
0.7153
0.7169
0.9197
0.8853
0.6667
0.6533
0.8754
0.9218
0.8889
0.6469
0.9051
0.7252
0.8352
0.9192
0.8583
0.6877
0.6741
0.7909
0.8029
0.6958
PRE
0.6964
0.7476
0.733
0.7569
0.7293
0.7249
0.7954
0.7497
0.7212
0.7089
0.8509
0.8308
0.7073
0.7001
0.7723
0.8609
0.7669
0.7334
0.7744
0.7643
0.7471
0.714
0.8428
0.7428
0.8079
0.7228
0.7564
0.7423
0.8369
0.8277
0.7365
0.7408
0.8773
0.8386
0.7109
0.7043
0.8273
0.8778
0.8508
0.7029
0.8632
0.7427
0.7945
0.8749
0.8264
0.7148
0.707
0.7757
0.771
0.7153
F1
0.7574
0.7365
0.7294
0.7263
0.7539
0.756
0.7158
0.741
0.7504
0.7508
0.6856
0.7114
0.766
0.7451
0.7531
0.7072
0.7301
0.762
0.7232
0.7605
0.7384
0.7512
0.7074
0.7411
0.7058
0.7529
0.7405
0.7562
0.7074
0.7026
0.7649
0.7735
0.694
0.6967
0.7615
0.7603
0.6935
0.6849
0.7262
0.7634
0.7069
0.767
0.7072
0.6867
0.7428
0.7471
0.7445
0.7485
0.7134
0.7389