Avg acc:
76.65588666666666
Std acc:
0.586287253675383
Avg auroc:
0.8305133333333335
Std auroc:
0.004314142118918004
Avg F1:
0.7531000000000001
Std acc:
0.006399583319769
acc
76.6423
75.2607
75.9385
76.5902
76.8229
77.0594
76.3556
76.512
76.9812
76.6667
76.2252
77.2419
77.1116
77.8936
76.5365
auroc
0.8295
0.8247
0.8261
0.8328
0.8305
0.8371
0.8303
0.8308
0.8308
0.8329
0.8198
0.8297
0.8362
0.8352
0.8313
TPR
0.7018
0.7007
0.7075
0.7143
0.7083
0.7247
0.7049
0.7039
0.7143
0.7182
0.7117
0.7221
0.7174
0.7258
0.7052
TNR
0.8311
0.8045
0.8113
0.8175
0.8281
0.8165
0.8222
0.8264
0.8253
0.8151
0.8128
0.8227
0.8248
0.8321
0.8255
PRE
0.806
0.7818
0.7894
0.7965
0.8047
0.7979
0.7986
0.8021
0.8035
0.7953
0.7918
0.8029
0.8037
0.8121
0.8017
F1
0.7503
0.7391
0.7462
0.7532
0.7535
0.7596
0.7488
0.7498
0.7563
0.7548
0.7496
0.7604
0.7581
0.7665
0.7503