14.3835
10.0003
10.0279
9.1276
8.5075
8.4403
8.6479
9.4758
8.7692
8.5516
8.7513
8.6516
8.4968
8.3527
7.6973
8.5181
8.4016
8.3766
8.4977
8.1368
8.3253
8.8719
7.6959
8.2333
8.4475
8.3641
8.2479
8.3034
8.0665
8.1453
8.1319
7.8595
8.2770
8.2953
8.6748
8.1153
7.9752
7.9198
8.7824
8.5960
7.3216
8.1717
7.4221
8.4602
8.1434
6.8419
8.5108
7.7888
7.7841
7.1479
8.1762
8.4260
8.3113
8.1711
7.7928
6.8557
7.2462
8.0037
7.2789
7.7467
6.7652
8.0337
7.9541
6.9924
8.1180
7.3695
7.3777
7.3546
7.1796
6.5962
6.7354
7.4846
7.5657
6.5206
7.2232
7.5937
6.9184
6.8835
7.6212
8.1953
7.3034
7.2912
7.4541
7.0672
6.8129
7.8365
7.5432
6.8754
6.7141
7.1318
6.3675
6.9826
6.4912
5.9376
6.9933
6.7359
6.3480
6.4585
6.4715
6.5377
7.1254
6.4962
6.2836
6.8038
6.5650
7.1043
6.4149
5.9881
5.1641
5.8557
6.9808
5.0819
6.0865
5.2325
6.2420
5.9235
5.7605
6.8922
6.6782
6.1923
6.2424
5.9148
5.3598
6.5271
6.8535
6.2088
6.4257
6.7209
5.5550
5.7743
4.9881
4.6056
5.5497
5.3765
7.0549
5.9582
4.9143
5.8855
5.3338
5.5944
7.5209
6.0369
5.8934
5.4764
5.8238
5.2692
5.2463
6.0029
4.8453
5.7752
5.1304
6.8207
6.2507
6.4316
5.0534
5.5810
4.8175
4.9942
5.9743
5.3166
5.7280
5.4345
5.5673
6.1710
5.2977
5.1975
4.8182
5.6237
5.1958
5.4927
5.4313
5.6967
5.5306
5.1101
4.7220
4.5999
4.9008
4.9770
6.1678
5.0287
4.7786
4.7442
4.1325
4.7840
5.4964
6.0799
4.9475
4.9717
4.2517
5.6846
4.4715
6.3486
5.5460
4.1805
5.5187
5.5755
5.3698
4.9964
4.7960
6.3234
5.7011
4.9427
4.8077
5.1554
3.9009
5.2387
4.5374
6.2583
5.3041
4.4424
4.0752
3.7300
5.1281
5.0269
5.2122
4.8364
5.0241
5.0870
5.7881
5.6520
5.3606
5.4330
4.8943
4.5366
3.6926
4.4183
5.2585
4.0698
4.1600
4.1032
4.6946
4.2531
4.8665
4.5156
4.5305
4.2479
4.4322
4.5115
4.7164
5.1767
5.1671
5.3385
6.1929
4.8366
5.7036
4.3676
4.7360
4.5491
4.9015
4.3916
5.6284
4.0903
4.3862
4.5841
4.8980
5.0140
4.4894
4.7513
4.9799
4.7340
4.9982
6.4161
4.6504
4.3347
3.9634
4.5989
4.9358
4.9267
5.0369
4.2786
5.1937
4.4566
5.1918
4.4971
4.9455
3.5172
4.7535
3.9360
3.5436
4.4386
4.4185
4.0006
3.7979
3.7588
3.8569
4.8773
3.8616
4.8781
4.5077
3.7511
4.2131
3.9800